-100 -100 -8,85151147842407
-100 -93,3333301544189 -13,5540211200714
-100 -86,6666603088379 -5,4634290933609
-100 -79,9999952316284 11,9556474685669
-100 -73,3333301544189 31,2439227104187
-100 -66,6666650772095 44,1416645050049
-100 -60 45,1257419586182
-100 -53,3333349227905 33,7747430801392
-100 -46,6666698455811 14,9494516849518
-100 -40,0000047683716 -3,28866362571716
-100 -33,3333373069763 -13,1295847892761
-100 -26,6666698455811 -10,3591668605804
-100 -20,0000023841858 3,83622229099274
-100 -13,3333349227905 23,3777570724487
-100 -6,66666805744171 39,8972487449646
-100 -1,19209289550781E-06 46,3206338882446
-100 6,66666567325592 39,8972535133362
-100 13,3333325386047 23,3777642250061
-100 20 3,83622854948044
-100 26,6666674613953 -10,3591656684875
-100 33,3333349227905 -13,1295847892761
-100 40 -3,28867435455322
-100 46,6666650772095 14,949437379837
-100 53,3333301544189 33,7747287750244
-100 59,9999952316284 45,1257371902466
-100 66,6666603088379 44,141674041748
-100 73,3333253860474 31,2439346313477
-100 79,9999904632568 11,9556605815887
-100 86,6666603088379 -5,4634290933609
-100 93,3333301544189 -13,5540211200714
-93,3333301544189 -100 -27,9116725921631
-93,3333301544189 -93,3333301544189 -32,6141810417175
-93,3333301544189 -86,6666603088379 -24,5235896110535
-93,3333301544189 -79,9999952316284 -7,10451304912567
-93,3333301544189 -73,3333301544189 12,1837615966797
-93,3333301544189 -66,6666650772095 25,0815057754517
-93,3333301544189 -60 26,0655808448792
-93,3333301544189 -53,3333349227905 14,7145819664001
-93,3333301544189 -46,6666698455811 -4,11070853471756
-93,3333301544189 -40,0000047683716 -22,3488235473633
-93,3333301544189 -33,3333373069763 -32,1897459030151
-93,3333301544189 -26,6666698455811 -29,4193267822266
-93,3333301544189 -20,0000023841858 -15,2239382266998
-93,3333301544189 -13,3333349227905 4,31759595870972
-93,3333301544189 -6,66666805744171 20,8370900154114
-93,3333301544189 -1,19209289550781E-06 27,2604727745056
-93,3333301544189 6,66666567325592 20,8370923995972
-93,3333301544189 13,3333325386047 4,31760281324387
-93,3333301544189 20 -15,2239322662354
-93,3333301544189 26,6666674613953 -29,4193243980408
-93,3333301544189 33,3333349227905 -32,1897459030151
-93,3333301544189 40 -22,3488354682922
-93,3333301544189 46,6666650772095 -4,11072283983231
-93,3333301544189 53,3333301544189 14,7145700454712
-93,3333301544189 59,9999952316284 26,0655784606934
-93,3333301544189 66,6666603088379 25,0815105438232
-93,3333301544189 73,3333253860474 12,1837735176086
-93,3333301544189 79,9999904632568 -7,10449934005737
-93,3333301544189 86,6666603088379 -24,5235896110535
-93,3333301544189 93,3333301544189 -32,6141810417175
-86,6666603088379 -100 -45,7986974716187
-86,6666603088379 -93,3333301544189 -50,5012035369873
-86,6666603088379 -86,6666603088379 -42,4106121063232
-86,6666603088379 -79,9999952316284 -24,9915361404419
-86,6666603088379 -73,3333301544189 -5,70326209068298
-86,6666603088379 -66,6666650772095 7,19448208808899
-86,6666603088379 -60 8,17855775356293
-86,6666603088379 -53,3333349227905 -3,17244172096252
-86,6666603088379 -46,6666698455811 -21,9977331161499
-86,6666603088379 -40,0000047683716 -40,2358484268188
-86,6666603088379 -33,3333373069763 -50,0767707824707
-86,6666603088379 -26,6666698455811 -47,3063516616821
-86,6666603088379 -20,0000023841858 -33,1109619140625
-86,6666603088379 -13,3333349227905 -13,569427728653
-86,6666603088379 -6,66666805744171 2,95006513595581
-86,6666603088379 -1,19209289550781E-06 9,37344968318939
-86,6666603088379 6,66666567325592 2,9500687122345
-86,6666603088379 13,3333325386047 -13,5694205760956
-86,6666603088379 20 -33,1109547615051
-86,6666603088379 26,6666674613953 -47,3063468933105
-86,6666603088379 33,3333349227905 -50,0767707824707
-86,6666603088379 40 -40,235857963562
-86,6666603088379 46,6666650772095 -21,9977474212646
-86,6666603088379 53,3333301544189 -3,17245423793793
-86,6666603088379 59,9999952316284 8,17855417728424
-86,6666603088379 66,6666603088379 7,19448745250702
-86,6666603088379 73,3333253860474 -5,70325076580048
-86,6666603088379 79,9999904632568 -24,9915242195129
-86,6666603088379 86,6666603088379 -42,4106121063232
-86,6666603088379 93,3333301544189 -50,5012035369873
-79,9999952316284 -100 -54,8528957366943
-79,9999952316284 -93,3333301544189 -59,5554065704346
-79,9999952316284 -86,6666603088379 -51,4648103713989
-79,9999952316284 -79,9999952316284 -34,0457367897034
-79,9999952316284 -73,3333301544189 -14,7574615478516
-79,9999952316284 -66,6666650772095 -1,85971677303314
-79,9999952316284 -60 -0,875641107559204
-79,9999952316284 -53,3333349227905 -12,2266411781311
-79,9999952316284 -46,6666698455811 -31,0519313812256
-79,9999952316284 -40,0000047683716 -49,2900466918945
-79,9999952316284 -33,3333373069763 -59,1309690475464
-79,9999952316284 -26,6666698455811 -56,3605499267578
-79,9999952316284 -20,0000023841858 -42,1651601791382
-79,9999952316284 -13,3333349227905 -22,6236271858215
-79,9999952316284 -6,66666805744171 -6,10413372516632
-79,9999952316284 -1,19209289550781E-06 0,319250822067261
-79,9999952316284 6,66666567325592 -6,10413014888763
-79,9999952316284 13,3333325386047 -22,6236200332642
-79,9999952316284 20 -42,1651554107666
-79,9999952316284 26,6666674613953 -56,3605499267578
-79,9999952316284 33,3333349227905 -59,1309690475464
-79,9999952316284 40 -49,2900562286377
-79,9999952316284 46,6666650772095 -31,0519456863403
-79,9999952316284 53,3333301544189 -12,2266530990601
-79,9999952316284 59,9999952316284 -0,875644683837891
-79,9999952316284 66,6666603088379 -1,85971140861511
-79,9999952316284 73,3333253860474 -14,7574496269226
-79,9999952316284 79,9999904632568 -34,0457224845886
-79,9999952316284 86,6666603088379 -51,4648103713989
-79,9999952316284 93,3333301544189 -59,5554065704346
-73,3333301544189 -100 -51,1970472335815
-73,3333301544189 -93,3333301544189 -55,8995580673218
-73,3333301544189 -86,6666603088379 -47,8089666366577
-73,3333301544189 -79,9999952316284 -30,3898882865906
-73,3333301544189 -73,3333301544189 -11,1016142368317
-73,3333301544189 -66,6666650772095 1,79613053798676
-73,3333301544189 -60 2,78020620346069
-73,3333301544189 -53,3333349227905 -8,57079327106476
-73,3333301544189 -46,6666698455811 -27,3960828781128
-73,3333301544189 -40,0000047683716 -45,6341981887817
-73,3333301544189 -33,3333373069763 -55,4751205444336
-73,3333301544189 -26,6666698455811 -52,704701423645
-73,3333301544189 -20,0000023841858 -38,5093140602112
-73,3333301544189 -13,3333349227905 -18,9677786827087
-73,3333301544189 -6,66666805744171 -2,44828641414642
-73,3333301544189 -1,19209289550781E-06 3,97509813308716
-73,3333301544189 6,66666567325592 -2,44828283786774
-73,3333301544189 13,3333325386047 -18,9677727222443
-73,3333301544189 20 -38,5093069076538
-73,3333301544189 26,6666674613953 -52,704701423645
-73,3333301544189 33,3333349227905 -55,4751205444336
-73,3333301544189 40 -45,6342124938965
-73,3333301544189 46,6666650772095 -27,3960971832275
-73,3333301544189 53,3333301544189 -8,57080578804016
-73,3333301544189 59,9999952316284 2,78020262718201
-73,3333301544189 66,6666603088379 1,79613590240479
-73,3333301544189 73,3333253860474 -11,1016023159027
-73,3333301544189 79,9999904632568 -30,3898739814758
-73,3333301544189 86,6666603088379 -47,8089666366577
-73,3333301544189 93,3333301544189 -55,8995580673218
-66,6666650772095 -100 -36,3966774940491
-66,6666650772095 -93,3333301544189 -41,0991859436035
-66,6666650772095 -86,6666603088379 -33,0085945129395
-66,6666650772095 -79,9999952316284 -15,5895185470581
-66,6666650772095 -73,3333301544189 3,69875550270081
-66,6666650772095 -66,6666650772095 16,5964996814728
-66,6666650772095 -60 17,5805759429932
-66,6666650772095 -53,3333349227905 6,22957587242126
-66,6666650772095 -46,6666698455811 -12,5957143306732
-66,6666650772095 -40,0000047683716 -30,8338308334351
-66,6666650772095 -33,3333373069763 -40,6747531890869
-66,6666650772095 -26,6666698455811 -37,9043340682983
-66,6666650772095 -20,0000023841858 -23,7089443206787
-66,6666650772095 -13,3333349227905 -4,16740983724594
-66,6666650772095 -6,66666805744171 12,3520827293396
-66,6666650772095 -1,19209289550781E-06 18,7754678726196
-66,6666650772095 6,66666567325592 12,3520863056183
-66,6666650772095 13,3333325386047 -4,16740298271179
-66,6666650772095 20 -23,7089371681213
-66,6666650772095 26,6666674613953 -37,9043316841125
-66,6666650772095 33,3333349227905 -40,6747531890869
-66,6666650772095 40 -30,8338403701782
-66,6666650772095 46,6666650772095 -12,595728635788
-66,6666650772095 53,3333301544189 6,22956395149231
-66,6666650772095 59,9999952316284 17,5805723667145
-66,6666650772095 66,6666603088379 16,5965056419373
-66,6666650772095 73,3333253860474 3,69876712560654
-66,6666650772095 79,9999904632568 -15,5895054340363
-66,6666650772095 86,6666603088379 -33,0085945129395
-66,6666650772095 93,3333301544189 -41,0991859436035
-60 -100 -16,7896807193756
-60 -93,3333301544189 -21,4921903610229
-60 -86,6666603088379 -13,4015989303589
-60 -79,9999952316284 4,01747792959213
-60 -73,3333301544189 23,3057522773743
-60 -66,6666650772095 36,2034964561462
-60 -60 37,1875715255737
-60 -53,3333349227905 25,8365726470947
-60 -46,6666698455811 7,01128244400024
-60 -40,0000047683716 -11,2268328666687
-60 -33,3333373069763 -21,0677528381348
-60 -26,6666698455811 -18,297336101532
-60 -20,0000023841858 -4,1019469499588
-60 -13,3333349227905 15,4395866394043
-60 -6,66666805744171 31,959080696106
-60 -1,19209289550781E-06 38,3824634552002
-60 6,66666567325592 31,9590830802917
-60 13,3333325386047 15,4395937919617
-60 20 -4,1019406914711
-60 26,6666674613953 -18,2973337173462
-60 33,3333349227905 -21,0677528381348
-60 40 -11,2268435955048
-60 46,6666650772095 7,0112681388855
-60 53,3333301544189 25,8365607261658
-60 59,9999952316284 37,1875691413879
-60 66,6666603088379 36,2035036087036
-60 73,3333253860474 23,3057641983032
-60 79,9999904632568 4,01749193668365
-60 86,6666603088379 -13,4015989303589
-60 93,3333301544189 -21,4921903610229
-53,3333349227905 -100 -0,772266983985901
-53,3333349227905 -93,3333301544189 -5,47477662563324
-53,3333349227905 -86,6666603088379 2,61581540107727
-53,3333349227905 -79,9999952316284 20,0348925590515
-53,3333349227905 -73,3333301544189 39,3231654167175
-53,3333349227905 -66,6666650772095 52,2209119796753
-53,3333349227905 -60 53,204984664917
-53,3333349227905 -53,3333349227905 41,853985786438
-53,3333349227905 -46,6666698455811 23,0286955833435
-53,3333349227905 -40,0000047683716 4,79058086872101
-53,3333349227905 -33,3333373069763 -5,05034029483795
-53,3333349227905 -26,6666698455811 -2,27992236614227
-53,3333349227905 -20,0000023841858 11,9154667854309
-53,3333349227905 -13,3333349227905 31,4569997787476
-53,3333349227905 -6,66666805744171 47,9764938354492
-53,3333349227905 -1,19209289550781E-06 54,3998765945435
-53,3333349227905 6,66666567325592 47,9764986038208
-53,3333349227905 13,3333325386047 31,4570069313049
-53,3333349227905 20 11,9154727458954
-53,3333349227905 26,6666674613953 -2,27992057800293
-53,3333349227905 33,3333349227905 -5,05034029483795
-53,3333349227905 40 4,79057013988495
-53,3333349227905 46,6666650772095 23,0286812782288
-53,3333349227905 53,3333301544189 41,8539762496948
-53,3333349227905 59,9999952316284 53,204984664917
-53,3333349227905 66,6666603088379 52,2209167480469
-53,3333349227905 73,3333253860474 39,3231773376465
-53,3333349227905 79,9999904632568 20,0349044799805
-53,3333349227905 86,6666603088379 2,61581540107727
-53,3333349227905 93,3333301544189 -5,47477662563324
-46,6666698455811 -100 4,79650318622589
-46,6666698455811 -93,3333301544189 0,0939935445785522
-46,6666698455811 -86,6666603088379 8,18458557128906
-46,6666698455811 -79,9999952316284 25,6036615371704
-46,6666698455811 -73,3333301544189 44,8919343948364
-46,6666698455811 -66,6666650772095 57,7896785736084
-46,6666698455811 -60 58,7737560272217
-46,6666698455811 -53,3333349227905 47,4227571487427
-46,6666698455811 -46,6666698455811 28,5974669456482
-46,6666698455811 -40,0000047683716 10,3593516349792
-46,6666698455811 -33,3333373069763 0,51842987537384
-46,6666698455811 -26,6666698455811 3,28884780406952
-46,6666698455811 -20,0000023841858 17,4842369556427
-46,6666698455811 -13,3333349227905 37,0257711410522
-46,6666698455811 -6,66666805744171 53,5452651977539
-46,6666698455811 -1,19209289550781E-06 59,9686479568481
-46,6666698455811 6,66666567325592 53,5452651977539
-46,6666698455811 13,3333325386047 37,0257782936096
-46,6666698455811 20 17,4842429161072
-46,6666698455811 26,6666674613953 3,28884959220886
-46,6666698455811 33,3333349227905 0,51842987537384
-46,6666698455811 40 10,3593397140503
-46,6666698455811 46,6666650772095 28,5974526405334
-46,6666698455811 53,3333301544189 47,4227428436279
-46,6666698455811 59,9999952316284 58,7737512588501
-46,6666698455811 66,6666603088379 57,7896881103516
-46,6666698455811 73,3333253860474 44,8919486999512
-46,6666698455811 79,9999904632568 25,6036758422852
-46,6666698455811 86,6666603088379 8,18458557128906
-46,6666698455811 93,3333301544189 0,0939935445785522
-40,0000047683716 -100 -2,46806144714355
-40,0000047683716 -93,3333301544189 -7,17057108879089
-40,0000047683716 -86,6666603088379 0,920020937919617
-40,0000047683716 -79,9999952316284 18,3390974998474
-40,0000047683716 -73,3333301544189 37,6273727416992
-40,0000047683716 -66,6666650772095 50,5251169204712
-40,0000047683716 -60 51,5091896057129
-40,0000047683716 -53,3333349227905 40,1581907272339
-40,0000047683716 -46,6666698455811 21,3329029083252
-40,0000047683716 -40,0000047683716 3,09478640556335
-40,0000047683716 -33,3333373069763 -6,74613475799561
-40,0000047683716 -26,6666698455811 -3,97571682929993
-40,0000047683716 -20,0000023841858 10,2196717262268
-40,0000047683716 -13,3333349227905 29,7612071037292
-40,0000047683716 -6,66666805744171 46,2806987762451
-40,0000047683716 -1,19209289550781E-06 52,7040863037109
-40,0000047683716 6,66666567325592 46,2807035446167
-40,0000047683716 13,3333325386047 29,7612142562866
-40,0000047683716 20 10,2196788787842
-40,0000047683716 26,6666674613953 -3,97571504116058
-40,0000047683716 33,3333349227905 -6,74613475799561
-40,0000047683716 40 3,09477567672729
-40,0000047683716 46,6666650772095 21,3328886032104
-40,0000047683716 53,3333301544189 40,1581811904907
-40,0000047683716 59,9999952316284 51,5091896057129
-40,0000047683716 66,6666603088379 50,5251216888428
-40,0000047683716 73,3333253860474 37,6273822784424
-40,0000047683716 79,9999904632568 18,3391106128693
-40,0000047683716 86,6666603088379 0,920020937919617
-40,0000047683716 93,3333301544189 -7,17057108879089
-33,3333373069763 -100 -19,4550943374634
-33,3333373069763 -93,3333301544189 -24,1576051712036
-33,3333373069763 -86,6666603088379 -16,0670125484467
-33,3333373069763 -79,9999952316284 1,35206401348114
-33,3333373069763 -73,3333301544189 20,6403398513794
-33,3333373069763 -66,6666650772095 33,5380840301514
-33,3333373069763 -60 34,5221590995789
-33,3333373069763 -53,3333349227905 23,1711602210999
-33,3333373069763 -46,6666698455811 4,34586882591248
-33,3333373069763 -40,0000047683716 -13,8922464847565
-33,3333373069763 -33,3333373069763 -23,7331676483154
-33,3333373069763 -26,6666698455811 -20,9627509117126
-33,3333373069763 -20,0000023841858 -6,76736116409302
-33,3333373069763 -13,3333349227905 12,7741730213165
-33,3333373069763 -6,66666805744171 29,2936658859253
-33,3333373069763 -1,19209289550781E-06 35,7170510292053
-33,3333373069763 6,66666567325592 29,2936706542969
-33,3333373069763 13,3333325386047 12,7741801738739
-33,3333373069763 20 -6,76735460758209
-33,3333373069763 26,6666674613953 -20,9627485275269
-33,3333373069763 33,3333349227905 -23,7331676483154
-33,3333373069763 40 -13,8922572135925
-33,3333373069763 46,6666650772095 4,34585452079773
-33,3333373069763 53,3333301544189 23,1711459159851
-33,3333373069763 59,9999952316284 34,5221543312073
-33,3333373069763 66,6666603088379 33,5380887985229
-33,3333373069763 73,3333253860474 20,6403493881226
-33,3333373069763 79,9999904632568 1,35207787156105
-33,3333373069763 86,6666603088379 -16,0670125484467
-33,3333373069763 93,3333301544189 -24,1576051712036
-26,6666698455811 -100 -38,8903164863586
-26,6666698455811 -93,3333301544189 -43,5928249359131
-26,6666698455811 -86,6666603088379 -35,502233505249
-26,6666698455811 -79,9999952316284 -18,0831575393677
-26,6666698455811 -73,3333301544189 1,20511740446091
-26,6666698455811 -66,6666650772095 14,1028618812561
-26,6666698455811 -60 15,0869369506836
-26,6666698455811 -53,3333349227905 3,73593807220459
-26,6666698455811 -46,6666698455811 -15,0893521308899
-26,6666698455811 -40,0000047683716 -33,3274674415588
-26,6666698455811 -33,3333373069763 -43,1683874130249
-26,6666698455811 -26,6666698455811 -40,3979730606079
-26,6666698455811 -20,0000023841858 -26,2025833129883
-26,6666698455811 -13,3333349227905 -6,66104793548584
-26,6666698455811 -6,66666805744171 9,85844492912292
-26,6666698455811 -1,19209289550781E-06 16,2818288803101
-26,6666698455811 6,66666567325592 9,85844850540161
-26,6666698455811 13,3333325386047 -6,66104137897491
-26,6666698455811 20 -26,2025761604309
-26,6666698455811 26,6666674613953 -40,3979682922363
-26,6666698455811 33,3333349227905 -43,1683874130249
-26,6666698455811 40 -33,3274793624878
-26,6666698455811 46,6666650772095 -15,0893664360046
-26,6666698455811 53,3333301544189 3,73592555522919
-26,6666698455811 59,9999952316284 15,0869345664978
-26,6666698455811 66,6666603088379 14,1028666496277
-26,6666698455811 73,3333253860474 1,20512902736664
-26,6666698455811 79,9999904632568 -18,0831432342529
-26,6666698455811 86,6666603088379 -35,502233505249
-26,6666698455811 93,3333301544189 -43,5928249359131
-20,0000023841858 -100 -52,4510669708252
-20,0000023841858 -93,3333301544189 -57,1535778045654
-20,0000023841858 -86,6666603088379 -49,0629816055298
-20,0000023841858 -79,9999952316284 -31,6439080238342
-20,0000023841858 -73,3333301544189 -12,3556327819824
-20,0000023841858 -66,6666650772095 0,542111992835999
-20,0000023841858 -60 1,52618765830994
-20,0000023841858 -53,3333349227905 -9,82481181621552
-20,0000023841858 -46,6666698455811 -28,6501026153564
-20,0000023841858 -40,0000047683716 -46,8882179260254
-20,0000023841858 -33,3333373069763 -56,7291402816772
-20,0000023841858 -26,6666698455811 -53,9587211608887
-20,0000023841858 -20,0000023841858 -39,763331413269
-20,0000023841858 -13,3333349227905 -20,2217984199524
-20,0000023841858 -6,66666805744171 -3,70230495929718
-20,0000023841858 -1,19209289550781E-06 2,7210795879364
-20,0000023841858 6,66666567325592 -3,70230138301849
-20,0000023841858 13,3333325386047 -20,221791267395
-20,0000023841858 20 -39,7633266448975
-20,0000023841858 26,6666674613953 -53,9587211608887
-20,0000023841858 33,3333349227905 -56,7291402816772
-20,0000023841858 40 -46,8882274627686
-20,0000023841858 46,6666650772095 -28,6501169204712
-20,0000023841858 53,3333301544189 -9,82482433319092
-20,0000023841858 59,9999952316284 1,52618408203125
-20,0000023841858 66,6666603088379 0,542117357254028
-20,0000023841858 73,3333253860474 -12,3556208610535
-20,0000023841858 79,9999904632568 -31,6438937187195
-20,0000023841858 86,6666603088379 -49,0629816055298
-20,0000023841858 93,3333301544189 -57,1535778045654
-13,3333349227905 -100 -54,3302822113037
-13,3333349227905 -93,3333301544189 -59,0327930450439
-13,3333349227905 -86,6666603088379 -50,9422016143799
-13,3333349227905 -79,9999952316284 -33,5231256484985
-13,3333349227905 -73,3333301544189 -14,2348504066467
-13,3333349227905 -66,6666650772095 -1,33710622787476
-13,3333349227905 -60 -0,353030562400818
-13,3333349227905 -53,3333349227905 -11,7040300369263
-13,3333349227905 -46,6666698455811 -30,5293202400208
-13,3333349227905 -40,0000047683716 -48,7674379348755
-13,3333349227905 -33,3333373069763 -58,6083555221558
-13,3333349227905 -26,6666698455811 -55,8379411697388
-13,3333349227905 -20,0000023841858 -41,6425514221191
-13,3333349227905 -13,3333349227905 -22,1010160446167
-13,3333349227905 -6,66666805744171 -5,58152318000793
-13,3333349227905 -1,19209289550781E-06 0,841861367225647
-13,3333349227905 6,66666567325592 -5,58151960372925
-13,3333349227905 13,3333325386047 -22,1010088920593
-13,3333349227905 20 -41,642541885376
-13,3333349227905 26,6666674613953 -55,8379364013672
-13,3333349227905 33,3333349227905 -58,6083555221558
-13,3333349227905 40 -48,7674474716187
-13,3333349227905 46,6666650772095 -30,5293345451355
-13,3333349227905 53,3333301544189 -11,7040419578552
-13,3333349227905 59,9999952316284 -0,353034138679504
-13,3333349227905 66,6666603088379 -1,33710086345673
-13,3333349227905 73,3333253860474 -14,2348384857178
-13,3333349227905 79,9999904632568 -33,5231113433838
-13,3333349227905 86,6666603088379 -50,9422016143799
-13,3333349227905 93,3333301544189 -59,0327930450439
-6,66666805744171 -100 -43,7232446670532
-6,66666805744171 -93,3333301544189 -48,4257507324219
-6,66666805744171 -86,6666603088379 -40,3351593017578
-6,66666805744171 -79,9999952316284 -22,9160857200623
-6,66666805744171 -73,3333301544189 -3,62781018018723
-6,66666805744171 -66,6666650772095 9,26993429660797
-6,66666805744171 -60 10,2540099620819
-6,66666805744171 -53,3333349227905 -1,09698951244354
-6,66666805744171 -46,6666698455811 -19,9222803115845
-6,66666805744171 -40,0000047683716 -38,1603956222534
-6,66666805744171 -33,3333373069763 -48,0013179779053
-6,66666805744171 -26,6666698455811 -45,2308988571167
-6,66666805744171 -20,0000023841858 -31,0355091094971
-6,66666805744171 -13,3333349227905 -11,4939761161804
-6,66666805744171 -6,66666805744171 5,02551734447479
-6,66666805744171 -1,19209289550781E-06 11,4489018917084
-6,66666805744171 6,66666567325592 5,02552092075348
-6,66666805744171 13,3333325386047 -11,493968963623
-6,66666805744171 20 -31,0355043411255
-6,66666805744171 26,6666674613953 -45,2308988571167
-6,66666805744171 33,3333349227905 -48,0013179779053
-6,66666805744171 40 -38,1604051589966
-6,66666805744171 46,6666650772095 -19,9222946166992
-6,66666805744171 53,3333301544189 -1,09700202941895
-6,66666805744171 59,9999952316284 10,2540063858032
-6,66666805744171 66,6666603088379 9,269939661026
-6,66666805744171 73,3333253860474 -3,62779855728149
-6,66666805744171 79,9999904632568 -22,9160714149475
-6,66666805744171 86,6666603088379 -40,3351593017578
-6,66666805744171 93,3333301544189 -48,4257507324219
-1,19209289550781E-06 -100 -25,1721477508545
-1,19209289550781E-06 -93,3333301544189 -29,8746585845947
-1,19209289550781E-06 -86,6666603088379 -21,7840671539307
-1,19209289550781E-06 -79,9999952316284 -4,36499029397964
-1,19209289550781E-06 -73,3333301544189 14,9232840538025
-1,19209289550781E-06 -66,6666650772095 27,8210282325745
-1,19209289550781E-06 -60 28,805103302002
-1,19209289550781E-06 -53,3333349227905 17,4541044235229
-1,19209289550781E-06 -46,6666698455811 -1,37118563055992
-1,19209289550781E-06 -40,0000047683716 -19,6093010902405
-1,19209289550781E-06 -33,3333373069763 -29,4502210617065
-1,19209289550781E-06 -26,6666698455811 -26,6798043251038
-1,19209289550781E-06 -20,0000023841858 -12,4844145774841
-1,19209289550781E-06 -13,3333349227905 7,05711901187897
-1,19209289550781E-06 -6,66666805744171 23,5766124725342
-1,19209289550781E-06 -1,19209289550781E-06 29,9999952316284
-1,19209289550781E-06 6,66666567325592 23,57661485672
-1,19209289550781E-06 13,3333325386047 7,05712556838989
-1,19209289550781E-06 20 -12,4844086170197
-1,19209289550781E-06 26,6666674613953 -26,679801940918
-1,19209289550781E-06 33,3333349227905 -29,4502210617065
-1,19209289550781E-06 40 -19,6093118190765
-1,19209289550781E-06 46,6666650772095 -1,37119993567467
-1,19209289550781E-06 53,3333301544189 17,454092502594
-1,19209289550781E-06 59,9999952316284 28,8051009178162
-1,19209289550781E-06 66,6666603088379 27,8210353851318
-1,19209289550781E-06 73,3333253860474 14,9232959747314
-1,19209289550781E-06 79,9999904632568 -4,36497628688812
-1,19209289550781E-06 86,6666603088379 -21,7840671539307
-1,19209289550781E-06 93,3333301544189 -29,8746585845947
6,66666567325592 -100 -6,62105441093445
6,66666567325592 -93,3333301544189 -11,3235640525818
6,66666567325592 -86,6666603088379 -3,23297202587128
6,66666567325592 -79,9999952316284 14,1861045360565
6,66666567325592 -73,3333301544189 33,4743785858154
6,66666567325592 -66,6666650772095 46,3721227645874
6,66666567325592 -60 47,3562002182007
6,66666567325592 -53,3333349227905 36,0051989555359
6,66666567325592 -46,6666698455811 17,1799087524414
6,66666567325592 -40,0000047683716 -1,05820655822754
6,66666567325592 -33,3333373069763 -10,8991277217865
6,66666567325592 -26,6666698455811 -8,12870979309082
6,66666567325592 -20,0000023841858 6,06667935848236
6,66666567325592 -13,3333349227905 25,6082129478455
6,66666567325592 -6,66666805744171 42,1277046203613
6,66666567325592 -1,19209289550781E-06 48,5510921478271
6,66666567325592 6,66666567325592 42,1277093887329
6,66666567325592 13,3333325386047 25,6082201004028
6,66666567325592 20 6,06668591499329
6,66666567325592 26,6666674613953 -8,12870800495148
6,66666567325592 33,3333349227905 -10,8991277217865
6,66666567325592 40 -1,0582172870636
6,66666567325592 46,6666650772095 17,1798944473267
6,66666567325592 53,3333301544189 36,0051870346069
6,66666567325592 59,9999952316284 47,3561954498291
6,66666567325592 66,6666603088379 46,372127532959
6,66666567325592 73,3333253860474 33,4743905067444
6,66666567325592 79,9999904632568 14,1861176490784
6,66666567325592 86,6666603088379 -3,23297202587128
6,66666567325592 93,3333301544189 -11,3235640525818
13,3333325386047 -100 3,98599147796631
13,3333325386047 -93,3333301544189 -0,71651816368103
13,3333325386047 -86,6666603088379 7,37407386302948
13,3333325386047 -79,9999952316284 24,7931504249573
13,3333325386047 -73,3333301544189 44,0814256668091
13,3333325386047 -66,6666650772095 56,9791698455811
13,3333325386047 -60 57,9632472991943
13,3333325386047 -53,3333349227905 46,6122436523438
13,3333325386047 -46,6666698455811 27,7869558334351
13,3333325386047 -40,0000047683716 9,54883933067322
13,3333325386047 -33,3333373069763 -0,292081832885742
13,3333325386047 -26,6666698455811 2,47833609580994
13,3333325386047 -20,0000023841858 16,6737246513367
13,3333325386047 -13,3333349227905 36,2152600288391
13,3333325386047 -6,66666805744171 52,734751701355
13,3333325386047 -1,19209289550781E-06 59,1581344604492
13,3333325386047 6,66666567325592 52,7347564697266
13,3333325386047 13,3333325386047 36,2152671813965
13,3333325386047 20 16,673731803894
13,3333325386047 26,6666674613953 2,47833788394928
13,3333325386047 33,3333349227905 -0,292081832885742
13,3333325386047 40 9,54882860183716
13,3333325386047 46,6666650772095 27,7869415283203
13,3333325386047 53,3333301544189 46,6122341156006
13,3333325386047 59,9999952316284 57,9632425308228
13,3333325386047 66,6666603088379 56,9791746139526
13,3333325386047 73,3333253860474 44,0814352035522
13,3333325386047 79,9999904632568 24,793164730072
13,3333325386047 86,6666603088379 7,37407386302948
13,3333325386047 93,3333301544189 -0,71651816368103
20 -100 2,10677683353424
20 -93,3333301544189 -2,5957328081131
20 -86,6666603088379 5,49485921859741
20 -79,9999952316284 22,9139351844788
20 -73,3333301544189 42,2022104263306
20 -66,6666650772095 55,0999546051025
20 -60 56,0840320587158
20 -53,3333349227905 44,7330284118652
20 -46,6666698455811 25,9077405929565
20 -40,0000047683716 7,66962468624115
20 -33,3333373069763 -2,17129647731781
20 -26,6666698455811 0,599121451377869
20 -20,0000023841858 14,794510602951
20 -13,3333349227905 34,3360447883606
20 -6,66666805744171 50,8555364608765
20 -1,19209289550781E-06 57,2789239883423
20 6,66666567325592 50,855541229248
20 13,3333325386047 34,336051940918
20 20 14,7945165634155
20 26,6666674613953 0,599123239517212
20 33,3333349227905 -2,17129647731781
20 40 7,66961395740509
20 46,6666650772095 25,9077262878418
20 53,3333301544189 44,7330188751221
20 59,9999952316284 56,0840272903442
20 66,6666603088379 55,0999593734741
20 73,3333253860474 42,2022199630737
20 79,9999904632568 22,9139494895935
20 86,6666603088379 5,49485921859741
20 93,3333301544189 -2,5957328081131
26,6666674613953 -100 -11,4539682865143
26,6666674613953 -93,3333301544189 -16,1564779281616
26,6666674613953 -86,6666603088379 -8,06588649749756
26,6666674613953 -79,9999952316284 9,35319006443024
26,6666674613953 -73,3333301544189 28,6414647102356
26,6666674613953 -66,6666650772095 41,5392112731934
26,6666674613953 -60 42,5232839584351
26,6666674613953 -53,3333349227905 31,1722850799561
26,6666674613953 -46,6666698455811 12,3469948768616
26,6666674613953 -40,0000047683716 -5,89112043380737
26,6666674613953 -33,3333373069763 -15,7320415973663
26,6666674613953 -26,6666698455811 -12,9616236686707
26,6666674613953 -20,0000023841858 1,2337651848793
26,6666674613953 -13,3333349227905 20,7752990722656
26,6666674613953 -6,66666805744171 37,2947931289673
26,6666674613953 -1,19209289550781E-06 43,7181758880615
26,6666674613953 6,66666567325592 37,2947955131531
26,6666674613953 13,3333325386047 20,775306224823
26,6666674613953 20 1,233771443367
26,6666674613953 26,6666674613953 -12,9616224765778
26,6666674613953 33,3333349227905 -15,7320415973663
26,6666674613953 40 -5,89113116264343
26,6666674613953 46,6666650772095 12,3469805717468
26,6666674613953 53,3333301544189 31,1722731590271
26,6666674613953 59,9999952316284 42,5232791900635
26,6666674613953 66,6666603088379 41,5392160415649
26,6666674613953 73,3333253860474 28,6414766311646
26,6666674613953 79,9999904632568 9,35320377349854
26,6666674613953 86,6666603088379 -8,06588649749756
26,6666674613953 93,3333301544189 -16,1564779281616
33,3333349227905 -100 -30,8891892433167
33,3333349227905 -93,3333301544189 -35,5916976928711
33,3333349227905 -86,6666603088379 -27,501106262207
33,3333349227905 -79,9999952316284 -10,0820302963257
33,3333349227905 -73,3333301544189 9,20624434947968
33,3333349227905 -66,6666650772095 22,1039891242981
33,3333349227905 -60 23,0880641937256
33,3333349227905 -53,3333349227905 11,7370653152466
33,3333349227905 -46,6666698455811 -7,08822548389435
33,3333349227905 -40,0000047683716 -25,3263401985168
33,3333349227905 -33,3333373069763 -35,1672625541687
33,3333349227905 -26,6666698455811 -32,3968434333801
33,3333349227905 -20,0000023841858 -18,2014548778534
33,3333349227905 -13,3333349227905 1,34007900953293
33,3333349227905 -6,66666805744171 17,8595721721649
33,3333349227905 -1,19209289550781E-06 24,2829561233521
33,3333349227905 6,66666567325592 17,8595757484436
33,3333349227905 13,3333325386047 1,34008571505547
33,3333349227905 20 -18,2014489173889
33,3333349227905 26,6666674613953 -32,3968434333801
33,3333349227905 33,3333349227905 -35,1672625541687
33,3333349227905 40 -25,3263521194458
33,3333349227905 46,6666650772095 -7,08823978900909
33,3333349227905 53,3333301544189 11,7370522022247
33,3333349227905 59,9999952316284 23,0880618095398
33,3333349227905 66,6666603088379 22,1039938926697
33,3333349227905 73,3333253860474 9,20625567436218
33,3333349227905 79,9999904632568 -10,0820159912109
33,3333349227905 86,6666603088379 -27,501106262207
33,3333349227905 93,3333301544189 -35,5916976928711
40 -100 -47,8762197494507
40 -93,3333301544189 -52,5787305831909
40 -86,6666603088379 -44,4881391525269
40 -79,9999952316284 -27,0690608024597
40 -73,3333301544189 -7,78078675270081
40 -66,6666650772095 5,11695742607117
40 -60 6,10103309154511
40 -53,3333349227905 -5,24996638298035
40 -46,6666698455811 -24,0752577781677
40 -40,0000047683716 -42,3133707046509
40 -33,3333373069763 -52,1542930603027
40 -26,6666698455811 -49,3838739395142
40 -20,0000023841858 -35,1884865760803
40 -13,3333349227905 -15,6469523906708
40 -6,66666805744171 0,872540473937988
40 -1,19209289550781E-06 7,29592502117157
40 6,66666567325592 0,872544050216675
40 13,3333325386047 -15,6469452381134
40 20 -35,1884794235229
40 26,6666674613953 -49,3838739395142
40 33,3333349227905 -52,1542930603027
40 40 -42,3133850097656
40 46,6666650772095 -24,0752720832825
40 53,3333301544189 -5,24997889995575
40 59,9999952316284 6,10102951526642
40 66,6666603088379 5,1169627904892
40 73,3333253860474 -7,7807754278183
40 79,9999904632568 -27,0690488815308
40 86,6666603088379 -44,4881391525269
40 93,3333301544189 -52,5787305831909
46,6666650772095 -100 -55,1407909393311
46,6666650772095 -93,3333301544189 -59,8433017730713
46,6666650772095 -86,6666603088379 -51,7527103424072
46,6666650772095 -79,9999952316284 -34,3336343765259
46,6666650772095 -73,3333301544189 -15,0453591346741
46,6666650772095 -66,6666650772095 -2,14761435985565
46,6666650772095 -60 -1,16353869438171
46,6666650772095 -53,3333349227905 -12,5145387649536
46,6666650772095 -46,6666698455811 -31,3398289680481
46,6666650772095 -40,0000047683716 -49,5779418945313
46,6666650772095 -33,3333373069763 -59,4188642501831
46,6666650772095 -26,6666698455811 -56,6484451293945
46,6666650772095 -20,0000023841858 -42,4530601501465
46,6666650772095 -13,3333349227905 -22,911524772644
46,6666650772095 -6,66666805744171 -6,39203131198883
46,6666650772095 -1,19209289550781E-06 0,031353235244751
46,6666650772095 6,66666567325592 -6,39202773571014
46,6666650772095 13,3333325386047 -22,9115176200867
46,6666650772095 20 -42,4530506134033
46,6666650772095 26,6666674613953 -56,6484451293945
46,6666650772095 33,3333349227905 -59,4188642501831
46,6666650772095 40 -49,577956199646
46,6666650772095 46,6666650772095 -31,3398432731628
46,6666650772095 53,3333301544189 -12,5145506858826
46,6666650772095 59,9999952316284 -1,1635422706604
46,6666650772095 66,6666603088379 -2,14760899543762
46,6666650772095 73,3333253860474 -15,0453472137451
46,6666650772095 79,9999904632568 -34,3336200714111
46,6666650772095 86,6666603088379 -51,7527103424072
46,6666650772095 93,3333301544189 -59,8433017730713
53,3333301544189 -100 -49,5720338821411
53,3333301544189 -93,3333301544189 -54,2745399475098
53,3333301544189 -86,6666603088379 -46,1839485168457
53,3333301544189 -79,9999952316284 -28,7648749351501
53,3333301544189 -73,3333301544189 -9,47659969329834
53,3333301544189 -66,6666650772095 3,42114508152008
53,3333301544189 -60 4,40522074699402
53,3333301544189 -53,3333349227905 -6,94577872753143
53,3333301544189 -46,6666698455811 -25,7710695266724
53,3333301544189 -40,0000047683716 -44,0091848373413
53,3333301544189 -33,3333373069763 -53,8501071929932
53,3333301544189 -26,6666698455811 -51,0796880722046
53,3333301544189 -20,0000023841858 -36,884298324585
53,3333301544189 -13,3333349227905 -17,3427653312683
53,3333301544189 -6,66666805744171 -0,823271870613098
53,3333301544189 -1,19209289550781E-06 5,60011267662048
53,3333301544189 6,66666567325592 -0,823268294334412
53,3333301544189 13,3333325386047 -17,3427581787109
53,3333301544189 20 -36,8842935562134
53,3333301544189 26,6666674613953 -51,0796880722046
53,3333301544189 33,3333349227905 -53,8501071929932
53,3333301544189 40 -44,0091943740845
53,3333301544189 46,6666650772095 -25,7710838317871
53,3333301544189 53,3333301544189 -6,94579124450684
53,3333301544189 59,9999952316284 4,40521717071533
53,3333301544189 66,6666603088379 3,42115044593811
53,3333301544189 73,3333253860474 -9,47658777236938
53,3333301544189 79,9999904632568 -28,7648606300354
53,3333301544189 86,6666603088379 -46,1839485168457
53,3333301544189 93,3333301544189 -54,2745399475098
59,9999952316284 -100 -33,5546255111694
59,9999952316284 -93,3333301544189 -38,2571339607239
59,9999952316284 -86,6666603088379 -30,1665425300598
59,9999952316284 -79,9999952316284 -12,7474653720856
59,9999952316284 -73,3333301544189 6,54080867767334
59,9999952316284 -66,6666650772095 19,4385528564453
59,9999952316284 -60 20,4226303100586
59,9999952316284 -53,3333349227905 9,07162964344025
59,9999952316284 -46,6666698455811 -9,75366115570068
59,9999952316284 -40,0000047683716 -27,9917764663696
59,9999952316284 -33,3333373069763 -37,8326988220215
59,9999952316284 -26,6666698455811 -35,0622797012329
59,9999952316284 -20,0000023841858 -20,8668899536133
59,9999952316284 -13,3333349227905 -1,32535636425018
59,9999952316284 -6,66666805744171 15,194137096405
59,9999952316284 -1,19209289550781E-06 21,6175222396851
59,9999952316284 6,66666567325592 15,1941394805908
59,9999952316284 13,3333325386047 -1,32534965872765
59,9999952316284 20 -20,8668851852417
59,9999952316284 26,6666674613953 -35,0622773170471
59,9999952316284 33,3333349227905 -37,8326988220215
59,9999952316284 40 -27,9917860031128
59,9999952316284 46,6666650772095 -9,75367546081543
59,9999952316284 53,3333301544189 9,07161712646484
59,9999952316284 59,9999952316284 20,422625541687
59,9999952316284 66,6666603088379 19,4385588169098
59,9999952316284 73,3333253860474 6,54082059860229
59,9999952316284 79,9999904632568 -12,7474522590637
59,9999952316284 86,6666603088379 -30,1665425300598
59,9999952316284 93,3333301544189 -38,2571339607239
66,6666603088379 -100 -13,9476263523102
66,6666603088379 -93,3333301544189 -18,6501359939575
66,6666603088379 -86,6666603088379 -10,5595445632935
66,6666603088379 -79,9999952316284 6,85953259468079
66,6666603088379 -73,3333301544189 26,1478066444397
66,6666603088379 -66,6666650772095 39,0455508232117
66,6666603088379 -60 40,0296258926392
66,6666603088379 -53,3333349227905 28,6786270141602
66,6666603088379 -46,6666698455811 9,85333681106567
66,6666603088379 -40,0000047683716 -8,38477849960327
66,6666603088379 -33,3333373069763 -18,2256996631622
66,6666603088379 -26,6666698455811 -15,4552817344666
66,6666603088379 -20,0000023841858 -1,25989258289337
66,6666603088379 -13,3333349227905 18,2816410064697
66,6666603088379 -6,66666805744171 34,8011350631714
66,6666603088379 -1,19209289550781E-06 41,2245178222656
66,6666603088379 6,66666567325592 34,8011374473572
66,6666603088379 13,3333325386047 18,2816481590271
66,6666603088379 20 -1,25988632440567
66,6666603088379 26,6666674613953 -15,4552793502808
66,6666603088379 33,3333349227905 -18,2256996631622
66,6666603088379 40 -8,38478922843933
66,6666603088379 46,6666650772095 9,85332250595093
66,6666603088379 53,3333301544189 28,6786150932312
66,6666603088379 59,9999952316284 40,0296211242676
66,6666603088379 66,6666603088379 39,045557975769
66,6666603088379 73,3333253860474 26,1478185653687
66,6666603088379 79,9999904632568 6,85954630374908
66,6666603088379 86,6666603088379 -10,5595445632935
66,6666603088379 93,3333301544189 -18,6501359939575
73,3333253860474 -100 0,852749347686768
73,3333253860474 -93,3333301544189 -3,84976029396057
73,3333253860474 -86,6666603088379 4,24083173274994
73,3333253860474 -79,9999952316284 21,6599082946777
73,3333253860474 -73,3333301544189 40,9481811523438
73,3333253860474 -66,6666650772095 53,8459253311157
73,3333253860474 -60 54,830002784729
73,3333253860474 -53,3333349227905 43,47900390625
73,3333253860474 -46,6666698455811 24,6537137031555
73,3333253860474 -40,0000047683716 6,41559720039368
73,3333253860474 -33,3333373069763 -3,42532396316528
73,3333253860474 -26,6666698455811 -0,654906034469604
73,3333253860474 -20,0000023841858 13,5404825210571
73,3333253860474 -13,3333349227905 33,0820178985596
73,3333253860474 -6,66666805744171 49,6015119552612
73,3333253860474 -1,19209289550781E-06 56,0248947143555
73,3333253860474 6,66666567325592 49,6015119552612
73,3333253860474 13,3333325386047 33,0820250511169
73,3333253860474 20 13,5404896736145
73,3333253860474 26,6666674613953 -0,654904246330261
73,3333253860474 33,3333349227905 -3,42532396316528
73,3333253860474 40 6,41558647155762
73,3333253860474 46,6666650772095 24,6536993980408
73,3333253860474 53,3333301544189 43,4789896011353
73,3333253860474 59,9999952316284 54,8299980163574
73,3333253860474 66,6666603088379 53,8459300994873
73,3333253860474 73,3333253860474 40,9481954574585
73,3333253860474 79,9999904632568 21,6599225997925
73,3333253860474 86,6666603088379 4,24083173274994
73,3333253860474 93,3333301544189 -3,84976029396057
79,9999904632568 -100 4,50860559940338
79,9999904632568 -93,3333301544189 -0,193904042243958
79,9999904632568 -86,6666603088379 7,89668798446655
79,9999904632568 -79,9999952316284 25,3157639503479
79,9999904632568 -73,3333301544189 44,6040391921997
79,9999904632568 -66,6666650772095 57,5017833709717
79,9999904632568 -60 58,485860824585
79,9999904632568 -53,3333349227905 47,1348571777344
79,9999904632568 -46,6666698455811 28,3095693588257
79,9999904632568 -40,0000047683716 10,0714540481567
79,9999904632568 -33,3333373069763 0,230532288551331
79,9999904632568 -26,6666698455811 3,00095021724701
79,9999904632568 -20,0000023841858 17,1963393688202
79,9999904632568 -13,3333349227905 36,7378735542297
79,9999904632568 -6,66666805744171 53,2573652267456
79,9999904632568 -1,19209289550781E-06 59,6807527542114
79,9999904632568 6,66666567325592 53,2573699951172
79,9999904632568 13,3333325386047 36,7378807067871
79,9999904632568 20 17,1963453292847
79,9999904632568 26,6666674613953 3,00095200538635
79,9999904632568 33,3333349227905 0,230532288551331
79,9999904632568 40 10,0714421272278
79,9999904632568 46,6666650772095 28,3095550537109
79,9999904632568 53,3333301544189 47,1348476409912
79,9999904632568 59,9999952316284 58,4858560562134
79,9999904632568 66,6666603088379 57,5017881393433
79,9999904632568 73,3333253860474 44,6040487289429
79,9999904632568 79,9999904632568 25,3157782554626
79,9999904632568 86,6666603088379 7,89668798446655
79,9999904632568 93,3333301544189 -0,193904042243958
86,6666603088379 -100 -4,54559504985809
86,6666603088379 -93,3333301544189 -9,24810469150543
86,6666603088379 -86,6666603088379 -1,15751266479492
86,6666603088379 -79,9999952316284 16,2615633010864
86,6666603088379 -73,3333301544189 35,5498385429382
86,6666603088379 -66,6666650772095 48,4475803375244
86,6666603088379 -60 49,4316577911377
86,6666603088379 -53,3333349227905 38,0806589126587
86,6666603088379 -46,6666698455811 19,2553687095642
86,6666603088379 -40,0000047683716 1,01725280284882
86,6666603088379 -33,3333373069763 -8,82366836071014
86,6666603088379 -26,6666698455811 -6,05325043201447
86,6666603088379 -20,0000023841858 8,14213871955872
86,6666603088379 -13,3333349227905 27,6836729049683
86,6666603088379 -6,66666805744171 44,2031669616699
86,6666603088379 -1,19209289550781E-06 50,6265497207642
86,6666603088379 6,66666567325592 44,2031669616699
86,6666603088379 13,3333325386047 27,6836800575256
86,6666603088379 20 8,14214468002319
86,6666603088379 26,6666674613953 -6,05324864387512
86,6666603088379 33,3333349227905 -8,82366836071014
86,6666603088379 40 1,01724207401276
86,6666603088379 46,6666650772095 19,2553544044495
86,6666603088379 53,3333301544189 38,0806469917297
86,6666603088379 59,9999952316284 49,4316530227661
86,6666603088379 66,6666603088379 48,4475898742676
86,6666603088379 73,3333253860474 35,5498504638672
86,6666603088379 79,9999904632568 16,2615776062012
86,6666603088379 86,6666603088379 -1,15751266479492
86,6666603088379 93,3333301544189 -9,24810469150543
93,3333301544189 -100 -22,4326181411743
93,3333301544189 -93,3333301544189 -27,1351289749146
93,3333301544189 -86,6666603088379 -19,0445363521576
93,3333301544189 -79,9999952316284 -1,62546023726463
93,3333301544189 -73,3333301544189 17,6628148555756
93,3333301544189 -66,6666650772095 30,5605578422546
93,3333301544189 -60 31,5446352958679
93,3333301544189 -53,3333349227905 20,1936340332031
93,3333301544189 -46,6666698455811 1,36834442615509
93,3333301544189 -40,0000047683716 -16,8697714805603
93,3333301544189 -33,3333373069763 -26,7106914520264
93,3333301544189 -26,6666698455811 -23,9402747154236
93,3333301544189 -20,0000023841858 -9,74488496780396
93,3333301544189 -13,3333349227905 9,79664921760559
93,3333301544189 -6,66666805744171 26,3161420822144
93,3333301544189 -1,19209289550781E-06 32,7395272254944
93,3333301544189 6,66666567325592 26,3161444664001
93,3333301544189 13,3333325386047 9,79665577411652
93,3333301544189 20 -9,74487900733948
93,3333301544189 26,6666674613953 -23,9402723312378
93,3333301544189 33,3333349227905 -26,7106914520264
93,3333301544189 40 -16,8697822093964
93,3333301544189 46,6666650772095 1,36833012104034
93,3333301544189 53,3333301544189 20,1936221122742
93,3333301544189 59,9999952316284 31,5446305274963
93,3333301544189 66,6666603088379 30,560564994812
93,3333301544189 73,3333253860474 17,6628255844116
93,3333301544189 79,9999904632568 -1,62544637918472
93,3333301544189 86,6666603088379 -19,0445363521576
93,3333301544189 93,3333301544189 -27,1351289749146
1 0
2 1
3 2
4 3
5 4
6 5
7 6
8 7
9 8
10 9
11 10
12 11
13 12
14 13
15 14
16 15
17 16
18 17
19 18
20 19
21 20
22 21
23 22
24 23
25 24
26 25
27 26
28 27
29 28
30 0
31 30
31 1
32 31
32 2
33 32
33 3
34 33
34 4
35 34
35 5
36 35
36 6
37 36
37 7
38 37
38 8
39 38
39 9
40 39
40 10
41 40
41 11
42 41
42 12
43 42
43 13
44 43
44 14
45 44
45 15
46 45
46 16
47 46
47 17
48 47
48 18
49 48
49 19
50 49
50 20
51 50
51 21
52 51
52 22
53 52
53 23
54 53
54 24
55 54
55 25
56 55
56 26
57 56
57 27
58 57
58 28
59 58
59 29
60 30
61 60
61 31
62 61
62 32
63 62
63 33
64 63
64 34
65 64
65 35
66 65
66 36
67 66
67 37
68 67
68 38
69 68
69 39
70 69
70 40
71 70
71 41
72 71
72 42
73 72
73 43
74 73
74 44
75 74
75 45
76 75
76 46
77 76
77 47
78 77
78 48
79 78
79 49
80 79
80 50
81 80
81 51
82 81
82 52
83 82
83 53
84 83
84 54
85 84
85 55
86 85
86 56
87 86
87 57
88 87
88 58
89 88
89 59
90 60
91 90
91 61
92 91
92 62
93 92
93 63
94 93
94 64
95 94
95 65
96 95
96 66
97 96
97 67
98 97
98 68
99 98
99 69
100 99
100 70
101 100
101 71
102 101
102 72
103 102
103 73
104 103
104 74
105 104
105 75
106 105
106 76
107 106
107 77
108 107
108 78
109 108
109 79
110 109
110 80
111 110
111 81
112 111
112 82
113 112
113 83
114 113
114 84
115 114
115 85
116 115
116 86
117 116
117 87
118 117
118 88
119 118
119 89
120 90
121 120
121 91
122 121
122 92
123 122
123 93
124 123
124 94
125 124
125 95
126 125
126 96
127 126
127 97
128 127
128 98
129 128
129 99
130 129
130 100
131 130
131 101
132 131
132 102
133 132
133 103
134 133
134 104
135 134
135 105
136 135
136 106
137 136
137 107
138 137
138 108
139 138
139 109
140 139
140 110
141 140
141 111
142 141
142 112
143 142
143 113
144 143
144 114
145 144
145 115
146 145
146 116
147 146
147 117
148 147
148 118
149 148
149 119
150 120
151 150
151 121
152 151
152 122
153 152
153 123
154 153
154 124
155 154
155 125
156 155
156 126
157 156
157 127
158 157
158 128
159 158
159 129
160 159
160 130
161 160
161 131
162 161
162 132
163 162
163 133
164 163
164 134
165 164
165 135
166 165
166 136
167 166
167 137
168 167
168 138
169 168
169 139
170 169
170 140
171 170
171 141
172 171
172 142
173 172
173 143
174 173
174 144
175 174
175 145
176 175
176 146
177 176
177 147
178 177
178 148
179 178
179 149
180 150
181 180
181 151
182 181
182 152
183 182
183 153
184 183
184 154
185 184
185 155
186 185
186 156
187 186
187 157
188 187
188 158
189 188
189 159
190 189
190 160
191 190
191 161
192 191
192 162
193 192
193 163
194 193
194 164
195 194
195 165
196 195
196 166
197 196
197 167
198 197
198 168
199 198
199 169
200 199
200 170
201 200
201 171
202 201
202 172
203 202
203 173
204 203
204 174
205 204
205 175
206 205
206 176
207 206
207 177
208 207
208 178
209 208
209 179
210 180
211 210
211 181
212 211
212 182
213 212
213 183
214 213
214 184
215 214
215 185
216 215
216 186
217 216
217 187
218 217
218 188
219 218
219 189
220 219
220 190
221 220
221 191
222 221
222 192
223 222
223 193
224 223
224 194
225 224
225 195
226 225
226 196
227 226
227 197
228 227
228 198
229 228
229 199
230 229
230 200
231 230
231 201
232 231
232 202
233 232
233 203
234 233
234 204
235 234
235 205
236 235
236 206
237 236
237 207
238 237
238 208
239 238
239 209
240 210
241 240
241 211
242 241
242 212
243 242
243 213
244 243
244 214
245 244
245 215
246 245
246 216
247 246
247 217
248 247
248 218
249 248
249 219
250 249
250 220
251 250
251 221
252 251
252 222
253 252
253 223
254 253
254 224
255 254
255 225
256 255
256 226
257 256
257 227
258 257
258 228
259 258
259 229
260 259
260 230
261 260
261 231
262 261
262 232
263 262
263 233
264 263
264 234
265 264
265 235
266 265
266 236
267 266
267 237
268 267
268 238
269 268
269 239
270 240
271 270
271 241
272 271
272 242
273 272
273 243
274 273
274 244
275 274
275 245
276 275
276 246
277 276
277 247
278 277
278 248
279 278
279 249
280 279
280 250
281 280
281 251
282 281
282 252
283 282
283 253
284 283
284 254
285 284
285 255
286 285
286 256
287 286
287 257
288 287
288 258
289 288
289 259
290 289
290 260
291 290
291 261
292 291
292 262
293 292
293 263
294 293
294 264
295 294
295 265
296 295
296 266
297 296
297 267
298 297
298 268
299 298
299 269
300 270
301 300
301 271
302 301
302 272
303 302
303 273
304 303
304 274
305 304
305 275
306 305
306 276
307 306
307 277
308 307
308 278
309 308
309 279
310 309
310 280
311 310
311 281
312 311
312 282
313 312
313 283
314 313
314 284
315 314
315 285
316 315
316 286
317 316
317 287
318 317
318 288
319 318
319 289
320 319
320 290
321 320
321 291
322 321
322 292
323 322
323 293
324 323
324 294
325 324
325 295
326 325
326 296
327 326
327 297
328 327
328 298
329 328
329 299
330 300
331 330
331 301
332 331
332 302
333 332
333 303
334 333
334 304
335 334
335 305
336 335
336 306
337 336
337 307
338 337
338 308
339 338
339 309
340 339
340 310
341 340
341 311
342 341
342 312
343 342
343 313
344 343
344 314
345 344
345 315
346 345
346 316
347 346
347 317
348 347
348 318
349 348
349 319
350 349
350 320
351 350
351 321
352 351
352 322
353 352
353 323
354 353
354 324
355 354
355 325
356 355
356 326
357 356
357 327
358 357
358 328
359 358
359 329
360 330
361 360
361 331
362 361
362 332
363 362
363 333
364 363
364 334
365 364
365 335
366 365
366 336
367 366
367 337
368 367
368 338
369 368
369 339
370 369
370 340
371 370
371 341
372 371
372 342
373 372
373 343
374 373
374 344
375 374
375 345
376 375
376 346
377 376
377 347
378 377
378 348
379 378
379 349
380 379
380 350
381 380
381 351
382 381
382 352
383 382
383 353
384 383
384 354
385 384
385 355
386 385
386 356
387 386
387 357
388 387
388 358
389 388
389 359
390 360
391 390
391 361
392 391
392 362
393 392
393 363
394 393
394 364
395 394
395 365
396 395
396 366
397 396
397 367
398 397
398 368
399 398
399 369
400 399
400 370
401 400
401 371
402 401
402 372
403 402
403 373
404 403
404 374
405 404
405 375
406 405
406 376
407 406
407 377
408 407
408 378
409 408
409 379
410 409
410 380
411 410
411 381
412 411
412 382
413 412
413 383
414 413
414 384
415 414
415 385
416 415
416 386
417 416
417 387
418 417
418 388
419 418
419 389
420 390
421 420
421 391
422 421
422 392
423 422
423 393
424 423
424 394
425 424
425 395
426 425
426 396
427 426
427 397
428 427
428 398
429 428
429 399
430 429
430 400
431 430
431 401
432 431
432 402
433 432
433 403
434 433
434 404
435 434
435 405
436 435
436 406
437 436
437 407
438 437
438 408
439 438
439 409
440 439
440 410
441 440
441 411
442 441
442 412
443 442
443 413
444 443
444 414
445 444
445 415
446 445
446 416
447 446
447 417
448 447
448 418
449 448
449 419
450 420
451 450
451 421
452 451
452 422
453 452
453 423
454 453
454 424
455 454
455 425
456 455
456 426
457 456
457 427
458 457
458 428
459 458
459 429
460 459
460 430
461 460
461 431
462 461
462 432
463 462
463 433
464 463
464 434
465 464
465 435
466 465
466 436
467 466
467 437
468 467
468 438
469 468
469 439
470 469
470 440
471 470
471 441
472 471
472 442
473 472
473 443
474 473
474 444
475 474
475 445
476 475
476 446
477 476
477 447
478 477
478 448
479 478
479 449
480 450
481 480
481 451
482 481
482 452
483 482
483 453
484 483
484 454
485 484
485 455
486 485
486 456
487 486
487 457
488 487
488 458
489 488
489 459
490 489
490 460
491 490
491 461
492 491
492 462
493 492
493 463
494 493
494 464
495 494
495 465
496 495
496 466
497 496
497 467
498 497
498 468
499 498
499 469
500 499
500 470
501 500
501 471
502 501
502 472
503 502
503 473
504 503
504 474
505 504
505 475
506 505
506 476
507 506
507 477
508 507
508 478
509 508
509 479
510 480
511 510
511 481
512 511
512 482
513 512
513 483
514 513
514 484
515 514
515 485
516 515
516 486
517 516
517 487
518 517
518 488
519 518
519 489
520 519
520 490
521 520
521 491
522 521
522 492
523 522
523 493
524 523
524 494
525 524
525 495
526 525
526 496
527 526
527 497
528 527
528 498
529 528
529 499
530 529
530 500
531 530
531 501
532 531
532 502
533 532
533 503
534 533
534 504
535 534
535 505
536 535
536 506
537 536
537 507
538 537
538 508
539 538
539 509
540 510
541 540
541 511
542 541
542 512
543 542
543 513
544 543
544 514
545 544
545 515
546 545
546 516
547 546
547 517
548 547
548 518
549 548
549 519
550 549
550 520
551 550
551 521
552 551
552 522
553 552
553 523
554 553
554 524
555 554
555 525
556 555
556 526
557 556
557 527
558 557
558 528
559 558
559 529
560 559
560 530
561 560
561 531
562 561
562 532
563 562
563 533
564 563
564 534
565 564
565 535
566 565
566 536
567 566
567 537
568 567
568 538
569 568
569 539
570 540
571 570
571 541
572 571
572 542
573 572
573 543
574 573
574 544
575 574
575 545
576 575
576 546
577 576
577 547
578 577
578 548
579 578
579 549
580 579
580 550
581 580
581 551
582 581
582 552
583 582
583 553
584 583
584 554
585 584
585 555
586 585
586 556
587 586
587 557
588 587
588 558
589 588
589 559
590 589
590 560
591 590
591 561
592 591
592 562
593 592
593 563
594 593
594 564
595 594
595 565
596 595
596 566
597 596
597 567
598 597
598 568
599 598
599 569
600 570
601 600
601 571
602 601
602 572
603 602
603 573
604 603
604 574
605 604
605 575
606 605
606 576
607 606
607 577
608 607
608 578
609 608
609 579
610 609
610 580
611 610
611 581
612 611
612 582
613 612
613 583
614 613
614 584
615 614
615 585
616 615
616 586
617 616
617 587
618 617
618 588
619 618
619 589
620 619
620 590
621 620
621 591
622 621
622 592
623 622
623 593
624 623
624 594
625 624
625 595
626 625
626 596
627 626
627 597
628 627
628 598
629 628
629 599
630 600
631 630
631 601
632 631
632 602
633 632
633 603
634 633
634 604
635 634
635 605
636 635
636 606
637 636
637 607
638 637
638 608
639 638
639 609
640 639
640 610
641 640
641 611
642 641
642 612
643 642
643 613
644 643
644 614
645 644
645 615
646 645
646 616
647 646
647 617
648 647
648 618
649 648
649 619
650 649
650 620
651 650
651 621
652 651
652 622
653 652
653 623
654 653
654 624
655 654
655 625
656 655
656 626
657 656
657 627
658 657
658 628
659 658
659 629
660 630
661 660
661 631
662 661
662 632
663 662
663 633
664 663
664 634
665 664
665 635
666 665
666 636
667 666
667 637
668 667
668 638
669 668
669 639
670 669
670 640
671 670
671 641
672 671
672 642
673 672
673 643
674 673
674 644
675 674
675 645
676 675
676 646
677 676
677 647
678 677
678 648
679 678
679 649
680 679
680 650
681 680
681 651
682 681
682 652
683 682
683 653
684 683
684 654
685 684
685 655
686 685
686 656
687 686
687 657
688 687
688 658
689 688
689 659
690 660
691 690
691 661
692 691
692 662
693 692
693 663
694 693
694 664
695 694
695 665
696 695
696 666
697 696
697 667
698 697
698 668
699 698
699 669
700 699
700 670
701 700
701 671
702 701
702 672
703 702
703 673
704 703
704 674
705 704
705 675
706 705
706 676
707 706
707 677
708 707
708 678
709 708
709 679
710 709
710 680
711 710
711 681
712 711
712 682
713 712
713 683
714 713
714 684
715 714
715 685
716 715
716 686
717 716
717 687
718 717
718 688
719 718
719 689
720 690
721 720
721 691
722 721
722 692
723 722
723 693
724 723
724 694
725 724
725 695
726 725
726 696
727 726
727 697
728 727
728 698
729 728
729 699
730 729
730 700
731 730
731 701
732 731
732 702
733 732
733 703
734 733
734 704
735 734
735 705
736 735
736 706
737 736
737 707
738 737
738 708
739 738
739 709
740 739
740 710
741 740
741 711
742 741
742 712
743 742
743 713
744 743
744 714
745 744
745 715
746 745
746 716
747 746
747 717
748 747
748 718
749 748
749 719
750 720
751 750
751 721
752 751
752 722
753 752
753 723
754 753
754 724
755 754
755 725
756 755
756 726
757 756
757 727
758 757
758 728
759 758
759 729
760 759
760 730
761 760
761 731
762 761
762 732
763 762
763 733
764 763
764 734
765 764
765 735
766 765
766 736
767 766
767 737
768 767
768 738
769 768
769 739
770 769
770 740
771 770
771 741
772 771
772 742
773 772
773 743
774 773
774 744
775 774
775 745
776 775
776 746
777 776
777 747
778 777
778 748
779 778
779 749
780 750
781 780
781 751
782 781
782 752
783 782
783 753
784 783
784 754
785 784
785 755
786 785
786 756
787 786
787 757
788 787
788 758
789 788
789 759
790 789
790 760
791 790
791 761
792 791
792 762
793 792
793 763
794 793
794 764
795 794
795 765
796 795
796 766
797 796
797 767
798 797
798 768
799 798
799 769
800 799
800 770
801 800
801 771
802 801
802 772
803 802
803 773
804 803
804 774
805 804
805 775
806 805
806 776
807 806
807 777
808 807
808 778
809 808
809 779
810 780
811 810
811 781
812 811
812 782
813 812
813 783
814 813
814 784
815 814
815 785
816 815
816 786
817 816
817 787
818 817
818 788
819 818
819 789
820 819
820 790
821 820
821 791
822 821
822 792
823 822
823 793
824 823
824 794
825 824
825 795
826 825
826 796
827 826
827 797
828 827
828 798
829 828
829 799
830 829
830 800
831 830
831 801
832 831
832 802
833 832
833 803
834 833
834 804
835 834
835 805
836 835
836 806
837 836
837 807
838 837
838 808
839 838
839 809
840 810
841 840
841 811
842 841
842 812
843 842
843 813
844 843
844 814
845 844
845 815
846 845
846 816
847 846
847 817
848 847
848 818
849 848
849 819
850 849
850 820
851 850
851 821
852 851
852 822
853 852
853 823
854 853
854 824
855 854
855 825
856 855
856 826
857 856
857 827
858 857
858 828
859 858
859 829
860 859
860 830
861 860
861 831
862 861
862 832
863 862
863 833
864 863
864 834
865 864
865 835
866 865
866 836
867 866
867 837
868 867
868 838
869 868
869 839
870 840
871 870
871 841
872 871
872 842
873 872
873 843
874 873
874 844
875 874
875 845
876 875
876 846
877 876
877 847
878 877
878 848
879 878
879 849
880 879
880 850
881 880
881 851
882 881
882 852
883 882
883 853
884 883
884 854
885 884
885 855
886 885
886 856
887 886
887 857
888 887
888 858
889 888
889 859
890 889
890 860
891 890
891 861
892 891
892 862
893 892
893 863
894 893
894 864
895 894
895 865
896 895
896 866
897 896
897 867
898 897
898 868
899 898
899 869
