-49,9999967530324 49,9999965771459 -2,93058247358786E-14
-49,9999967530323 49,9999965771459 -49,9999967530324
-39,9999977447113 49,9999962348605 -59,9999961036389
-39,9999977447112 49,9999962348605 -159,999989609704
-49,9999967530323 49,9999965771458 -169,99998896031
-49,9999967530323 49,9999965771459 -229,999985063949
-1,7114268757723E-06 49,9999948657189 -229,999985063949
-47,5528245251913 65,4508450359301 -2,97616448464806E-14
-47,5528245251913 65,4508450359301 -49,9999967530324
-38,0422599624385 62,3606750018878 -59,9999961036389
-38,0422599624384 62,3606750018878 -159,999989609704
-47,5528245251913 65,45084503593 -169,99998896031
-47,5528245251913 65,45084503593 -229,999985063949
-1,7114268757723E-06 49,9999948657189 -229,999985063949
-40,4508488350804 79,3892554318396 -3,53867081957586E-14
-40,4508488350804 79,3892554318396 -49,9999967530324
-32,3606794103497 73,5114033186155 -59,9999961036389
-32,3606794103497 73,5114033186155 -159,999989609704
-40,4508488350804 79,3892554318396 -169,99998896031
-40,4508488350804 79,3892554318396 -229,999985063949
-1,7114268757723E-06 49,9999948657189 -229,999985063949
-29,3892623809311 90,4508418470773 -2,29522103182721E-14
-29,3892623809311 90,4508418470773 -49,9999967530324
-23,5114102470303 82,3606724508056 -59,9999961036389
-23,5114102470302 82,3606724508056 -159,999989609704
-29,3892623809311 90,4508418470772 -169,99998896031
-29,3892623809311 90,4508418470772 -229,999985063949
-1,7114268757723E-06 49,9999948657189 -229,999985063949
-15,45085193599 97,5528175122054 -4,04197858779928E-14
-15,45085193599 97,5528175122054 -49,9999967530324
-12,3606818910774 88,0422529829081 -59,9999961036389
-12,3606818910773 88,042252982908 -159,999989609704
-15,4508519359899 97,5528175122053 -169,99998896031
-15,4508519359899 97,5528175122053 -229,999985063949
-1,7114268757723E-06 49,9999948657189 -229,999985063949
-3,42285388654773E-06 99,9999897314379 -2,56459191358669E-14
-3,42285388654773E-06 99,9999897314379 -49,9999967530324
-3,0805684687607E-06 89,9999907582941 -59,9999961036389
-3,08056846165528E-06 89,999990758294 -159,999989609704
-3,42285382259888E-06 99,9999897314378 -169,99998896031
-3,42285382259888E-06 99,9999897314378 -229,999985063949
-1,7114268757723E-06 49,9999948657189 -229,999985063949
15,4508452578086 97,5528164544853 -3,55471761778298E-15
15,4508452578085 97,5528164544853 -49,9999967530324
12,3606758639615 88,042252136732 -59,9999961036389
12,3606758639615 88,042252136732 -159,999989609704
15,4508452578086 97,5528164544853 -169,99998896031
15,4508452578086 97,5528164544853 -229,999985063949
-1,7114268757723E-06 49,9999948657189 -229,999985063949
29,3892561889302 90,4508398351743 -2,39600272106276E-14
29,3892561889303 90,4508398351743 -49,9999967530324
23,5114046088588 82,3606708412832 -59,9999961036389
23,5114046088589 82,3606708412832 -159,999989609704
29,3892561889303 90,4508398351742 -169,99998896031
29,3892561889303 90,4508398351742 -229,999985063949
-1,7114268757723E-06 49,9999948657189 -229,999985063949
40,4508434003235 79,3892526626926 -8,79131927220329E-15
40,4508434003236 79,3892526626926 -49,9999967530324
32,3606743779735 73,5114011032979 -59,9999961036389
32,3606743779735 73,5114011032979 -159,999989609704
40,4508434003236 79,3892526626926 -169,99998896031
40,4508434003236 79,3892526626926 -229,999985063949
-1,7114268757723E-06 49,9999948657189 -229,999985063949
47,5528200446174 65,4508417806025 -7,88034679328617E-15
47,5528200446174 65,4508417806025 -49,9999967530324
38,0422556934086 62,3606723976258 -59,9999961036389
38,0422556934086 62,3606723976258 -159,999989609704
47,5528200446174 65,4508417806025 -169,99998896031
47,5528200446175 65,4508417806025 -229,999985063949
-1,7114268757723E-06 49,9999948657189 -229,999985063949
49,9999933301785 49,999993154292 7,61524662057894E-24
49,9999933301785 49,999993154292 -49,9999967530324
39,9999943218574 49,9999934965774 -59,9999961036389
39,9999943218575 49,9999934965774 -159,999989609704
49,9999933301785 49,9999931542919 -169,99998896031
49,9999933301785 49,999993154292 -229,999985063949
-1,7114268757723E-06 49,9999948657189 -229,999985063949
47,5528211023375 34,5491446955078 4,11572571061366E-15
47,5528211023375 34,5491446955078 -49,9999967530324
38,0422565395846 37,63931472955 -59,9999961036389
38,0422565395846 37,63931472955 -159,999989609704
47,5528211023375 34,5491446955077 -169,99998896031
47,5528211023375 34,5491446955077 -229,999985063949
-1,7114268757723E-06 49,9999948657189 -229,999985063949
40,4508454122265 20,6107342995982 8,59004862890386E-16
40,4508454122266 20,6107342995982 -49,9999967530324
32,3606759874959 26,4885864128224 -59,9999961036389
32,3606759874959 26,4885864128223 -159,999989609704
40,4508454122266 20,6107342995982 -169,99998896031
40,4508454122266 20,6107342995982 -229,999985063949
-1,7114268757723E-06 49,9999948657189 -229,999985063949
29,3892589580772 9,54914788436061 7,96443221880665E-15
29,3892589580773 9,54914788436059 -49,9999967530324
23,5114068241764 17,6393172806323 -59,9999961036389
23,5114068241765 17,6393172806322 -159,999989609704
29,3892589580773 9,54914788436055 -169,99998896031
29,3892589580773 9,54914788436054 -229,999985063949
-1,7114268757723E-06 49,9999948657189 -229,999985063949
15,4508485131361 2,44717221923251 5,00390412542449E-15
15,4508485131361 2,4471722192325 -49,9999967530324
12,3606784682235 11,9577367485298 -59,9999961036389
12,3606784682235 11,9577367485298 -159,999989609704
15,4508485131362 2,44717221923248 -169,99998896031
15,4508485131362 2,44717221923244 -229,999985063949
-1,7114268757723E-06 49,9999948657189 -229,999985063949
9,1845467428556E-15 -3,14373648328846E-22 3,15867074896036E-30
2,89530333469524E-14 -1,47421786317504E-14 -49,9999967530324
-3,42285362719963E-07 9,99999897314377 -59,9999961036389
-3,42285337850967E-07 9,99999897314375 -159,999989609704
6,96633332623376E-14 -4,12416238319336E-14 -169,99998896031
5,53795255813506E-14 -5,53795255813506E-14 -229,999985063949
-1,7114268757723E-06 49,9999948657189 -229,999985063949
-15,4508486806624 2,44717327695256 -6,10398996348169E-15
-15,4508486806624 2,44717327695255 -49,9999967530324
-12,3606792868153 11,9577375947058 -59,9999961036389
-12,3606792868153 11,9577375947058 -159,999989609704
-15,4508486806624 2,44717327695253 -169,99998896031
-15,4508486806624 2,44717327695251 -229,999985063949
-1,7114268757723E-06 49,9999948657189 -229,999985063949
-29,3892596117841 9,54914989626361 -1,32322113813409E-14
-29,3892596117841 9,5491498962636 -49,9999967530324
-23,5114080317127 17,6393188901547 -59,9999961036389
-23,5114080317127 17,6393188901546 -159,999989609704
-29,3892596117841 9,54914989626356 -169,99998896031
-29,3892596117841 9,54914989626358 -229,999985063949
-1,7114268757723E-06 49,9999948657189 -229,999985063949
-40,4508468231774 20,6107370687452 -1,59664214439635E-14
-40,4508468231774 20,6107370687452 -49,9999967530324
-32,3606778008273 26,4885886281399 -59,9999961036389
-32,3606778008273 26,4885886281399 -159,999989609704
-40,4508468231774 20,6107370687452 -169,99998896031
-40,4508468231774 20,6107370687452 -229,999985063949
-1,7114268757723E-06 49,9999948657189 -229,999985063949
-47,5528234674713 34,5491479508354 -1,9541929181981E-14
-47,5528234674713 34,5491479508354 -49,9999967530324
-38,0422591162624 37,6393173338121 -59,9999961036389
-38,0422591162624 37,6393173338121 -159,999989609704
-47,5528234674712 34,5491479508353 -169,99998896031
-47,5528234674712 34,5491479508353 -229,999985063949
-1,7114268757723E-06 49,9999948657189 -229,999985063949
0 133
1 0
1 134
2 1
2 135
3 2
3 136
4 3
4 137
5 4
5 138
6 5
6 6
7 0
8 7
8 1
9 8
9 2
10 9
10 3
11 10
11 4
12 11
12 5
6 12
6 6
14 7
15 14
15 8
16 15
16 9
17 16
17 10
18 17
18 11
19 18
19 12
6 19
6 6
21 14
22 21
22 15
23 22
23 16
24 23
24 17
25 24
25 18
26 25
26 19
6 26
6 6
28 21
29 28
29 22
30 29
30 23
31 30
31 24
32 31
32 25
33 32
33 26
6 33
6 6
35 28
36 35
36 29
37 36
37 30
38 37
38 31
39 38
39 32
40 39
40 33
6 40
6 6
42 35
43 42
43 36
44 43
44 37
45 44
45 38
46 45
46 39
47 46
47 40
6 47
6 6
49 42
50 49
50 43
51 50
51 44
52 51
52 45
53 52
53 46
54 53
54 47
6 54
6 6
56 49
57 56
57 50
58 57
58 51
59 58
59 52
60 59
60 53
61 60
61 54
6 61
6 6
63 56
64 63
64 57
65 64
65 58
66 65
66 59
67 66
67 60
68 67
68 61
6 68
6 6
70 63
71 70
71 64
72 71
72 65
73 72
73 66
74 73
74 67
75 74
75 68
6 75
6 6
77 70
78 77
78 71
79 78
79 72
80 79
80 73
81 80
81 74
82 81
82 75
6 82
6 6
84 77
85 84
85 78
86 85
86 79
87 86
87 80
88 87
88 81
89 88
89 82
6 89
6 6
91 84
92 91
92 85
93 92
93 86
94 93
94 87
95 94
95 88
96 95
96 89
6 96
6 6
98 91
99 98
99 92
100 99
100 93
101 100
101 94
102 101
102 95
103 102
103 96
6 103
6 6
105 98
106 105
106 99
107 106
107 100
108 107
108 101
109 108
109 102
110 109
110 103
6 110
6 6
112 105
113 112
113 106
114 113
114 107
115 114
115 108
116 115
116 109
117 116
117 110
6 117
6 6
119 112
120 119
120 113
121 120
121 114
122 121
122 115
123 122
123 116
124 123
124 117
6 124
6 6
126 119
127 126
127 120
128 127
128 121
129 128
129 122
130 129
130 123
131 130
131 124
6 131
6 6
133 126
134 133
134 127
135 134
135 128
136 135
136 129
137 136
137 130
138 137
138 131
6 138
6 6
