-237,525 -237,525 196,785
-237,525 -232,524997615814 177,451648864746
-237,525 -227,524995231628 159,451648864746
-237,525 -222,524996423721 142,785
-237,525 -217,524997615814 127,451656494141
-237,525 -212,524998807907 113,451664123535
-237,525 -207,525 100,785
-237,525 -202,525001192093 89,4516641235352
-237,525 -197,525002384186 79,4516679382324
-237,525 -192,525003576279 70,7850114440918
-237,525 -187,525002980232 63,4516717529297
-237,525 -182,525002384186 57,4516717529297
-237,525 -177,525001788139 52,785
-237,525 -172,525001192093 49,4516679382324
-237,525 -167,525001043081 47,4516641235351
-237,525 -162,52500089407 46,7850000000001
-237,525 -157,525000745058 47,4516641235351
-237,525 -152,525000596046 49,4516679382324
-237,525 -147,525 52,785
-237,525 -142,524999403954 57,4516717529297
-237,525 -137,524998807907 63,4516717529297
-237,525 -132,525 70,785
-237,525 -127,525001192093 79,4516679382324
-237,525 -122,525002384186 89,4516641235352
-237,525 -117,525003576279 100,785
-237,525 -112,525004768372 113,451664123535
-237,525 -107,525005960464 127,451656494141
-237,525 -102,525007152557 142,784977111816
-237,525 -97,5250047683716 159,451648864746
-237,525 -92,5250023841858 177,451648864746
-232,524997615814 -237,525 177,451648864746
-232,524997615814 -232,524997615814 158,118320617676
-232,524997615814 -227,524995231628 140,118297729492
-232,524997615814 -222,524996423721 123,451648864746
-232,524997615814 -217,524997615814 108,11832824707
-232,524997615814 -212,524998807907 94,1183129882812
-232,524997615814 -207,525 81,4516603088378
-232,524997615814 -202,525001192093 70,1183244323731
-232,524997615814 -197,525002384186 60,1183282470702
-232,524997615814 -192,525003576279 51,4516603088378
-232,524997615814 -187,525002980232 44,1183320617675
-232,524997615814 -182,525002384186 38,1183320617677
-232,524997615814 -177,525001788139 33,451660308838
-232,524997615814 -172,525001192093 30,1183282470702
-232,524997615814 -167,525001043081 28,1183244323731
-232,524997615814 -162,52500089407 27,4516603088379
-232,524997615814 -157,525000745058 28,1183244323731
-232,524997615814 -152,525000596046 30,1183282470702
-232,524997615814 -147,525 33,451660308838
-232,524997615814 -142,524999403954 38,1183206176757
-232,524997615814 -137,524998807907 44,1183206176758
-232,524997615814 -132,525 51,4516603088378
-232,524997615814 -127,525001192093 60,1183168029785
-232,524997615814 -122,525002384186 70,1183244323731
-232,524997615814 -117,525003576279 81,4516488647461
-232,524997615814 -112,525004768372 94,1183129882812
-232,524997615814 -107,525005960464 108,118305358887
-232,524997615814 -102,525007152557 123,451625976563
-232,524997615814 -97,5250047683716 140,118297729492
-232,524997615814 -92,5250023841858 158,118320617676
-227,524995231628 -237,525 159,451648864746
-227,524995231628 -232,524997615814 140,118297729492
-227,524995231628 -227,524995231628 122,118297729492
-227,524995231628 -222,524996423721 105,451648864746
-227,524995231628 -217,524997615814 90,1183053588867
-227,524995231628 -212,524998807907 76,1183129882812
-227,524995231628 -207,525 63,451648864746
-227,524995231628 -202,525001192093 52,118324432373
-227,524995231628 -197,525002384186 42,1183168029784
-227,524995231628 -192,525003576279 33,451660308838
-227,524995231628 -187,525002980232 26,1183206176757
-227,524995231628 -182,525002384186 20,1183206176759
-227,524995231628 -177,525001788139 15,4516488647462
-227,524995231628 -172,525001192093 12,1183168029784
-227,524995231628 -167,525001043081 10,1183129882813
-227,524995231628 -162,52500089407 9,45164886474609
-227,524995231628 -157,525000745058 10,1183129882813
-227,524995231628 -152,525000596046 12,1183168029784
-227,524995231628 -147,525 15,4516488647462
-227,524995231628 -142,524999403954 20,1183206176759
-227,524995231628 -137,524998807907 26,1183206176757
-227,524995231628 -132,525 33,451648864746
-227,524995231628 -127,525001192093 42,1183168029784
-227,524995231628 -122,525002384186 52,1183129882813
-227,524995231628 -117,525003576279 63,4516374206543
-227,524995231628 -112,525004768372 76,1183015441894
-227,524995231628 -107,525005960464 90,1183053588867
-227,524995231628 -102,525007152557 105,451625976562
-227,524995231628 -97,5250047683716 122,118297729492
-227,524995231628 -92,5250023841858 140,118297729492
-222,524996423721 -237,525 142,785
-222,524996423721 -232,524997615814 123,451648864746
-222,524996423721 -227,524995231628 105,451648864746
-222,524996423721 -222,524996423721 88,7849771118163
-222,524996423721 -217,524997615814 73,4516450500489
-222,524996423721 -212,524998807907 59,4516526794433
-222,524996423721 -207,525 46,7849885559081
-222,524996423721 -202,525001192093 35,4516526794434
-222,524996423721 -197,525002384186 25,4516564941405
-222,524996423721 -192,525003576279 16,7850000000001
-222,524996423721 -187,525002980232 9,45166030883786
-222,524996423721 -182,525002384186 3,45166030883797
-222,524996423721 -177,525001788139 -1,21501144409172
-222,524996423721 -172,525001192093 -4,54834350585946
-222,524996423721 -167,525001043081 -6,54834732055659
-222,524996423721 -162,52500089407 -7,2150114440918
-222,524996423721 -157,525000745058 -6,54834732055659
-222,524996423721 -152,525000596046 -4,54834350585946
-222,524996423721 -147,525 -1,21501144409172
-222,524996423721 -142,524999403954 3,45166030883797
-222,524996423721 -137,524998807907 9,45166030883786
-222,524996423721 -132,525 16,7849885559081
-222,524996423721 -127,525001192093 25,4516564941405
-222,524996423721 -122,525002384186 35,4516526794434
-222,524996423721 -117,525003576279 46,7849771118164
-222,524996423721 -112,525004768372 59,4516412353515
-222,524996423721 -107,525005960464 73,4516336059571
-222,524996423721 -102,525007152557 88,7849656677246
-222,524996423721 -97,5250047683716 105,451648864746
-222,524996423721 -92,5250023841858 123,451648864746
-217,524997615814 -237,525 127,451656494141
-217,524997615814 -232,524997615814 108,11832824707
-217,524997615814 -227,524995231628 90,1183053588867
-217,524997615814 -222,524996423721 73,4516450500489
-217,524997615814 -217,524997615814 58,1183244323731
-217,524997615814 -212,524998807907 44,1183206176758
-217,524997615814 -207,525 31,4516564941406
-217,524997615814 -202,525001192093 20,1183320617676
-217,524997615814 -197,525002384186 10,1183358764648
-217,524997615814 -192,525003576279 1,45166793823239
-217,524997615814 -187,525002980232 -5,88167175292963
-217,524997615814 -182,525002384186 -11,8816717529297
-217,524997615814 -177,525001788139 -16,5483377838135
-217,524997615814 -172,525001192093 -19,881675567627
-217,524997615814 -167,525001043081 -21,8816736602783
-217,524997615814 -162,52500089407 -22,5483377838135
-217,524997615814 -157,525000745058 -21,8816736602783
-217,524997615814 -152,525000596046 -19,881675567627
-217,524997615814 -147,525 -16,5483377838135
-217,524997615814 -142,524999403954 -11,8816717529297
-217,524997615814 -137,524998807907 -5,88167175292963
-217,524997615814 -132,525 1,45165649414062
-217,524997615814 -127,525001192093 10,118324432373
-217,524997615814 -122,525002384186 20,1183206176759
-217,524997615814 -117,525003576279 31,4516564941406
-217,524997615814 -112,525004768372 44,118309173584
-217,524997615814 -107,525005960464 58,1183129882813
-217,524997615814 -102,525007152557 73,4516336059571
-217,524997615814 -97,5250047683716 90,1183053588867
-217,524997615814 -92,5250023841858 108,11832824707
-212,524998807907 -237,525 113,451664123535
-212,524998807907 -232,524997615814 94,1183129882812
-212,524998807907 -227,524995231628 76,1183129882812
-212,524998807907 -222,524996423721 59,4516526794433
-212,524998807907 -217,524997615814 44,1183206176758
-212,524998807907 -212,524998807907 30,1183282470702
-212,524998807907 -207,525 17,4516641235351
-212,524998807907 -202,525001192093 6,11832824707031
-212,524998807907 -197,525002384186 -3,88166793823251
-212,524998807907 -192,525003576279 -12,5483301544189
-212,524998807907 -187,525002980232 -19,8816641235352
-212,524998807907 -182,525002384186 -25,8816698455811
-212,524998807907 -177,525001788139 -30,5483358764648
-212,524998807907 -172,525001192093 -33,8816679382325
-212,524998807907 -167,525001043081 -35,8816717529296
-212,524998807907 -162,52500089407 -36,5483358764648
-212,524998807907 -157,525000745058 -35,8816717529296
-212,524998807907 -152,525000596046 -33,8816679382325
-212,524998807907 -147,525 -30,5483358764648
-212,524998807907 -142,524999403954 -25,8816698455811
-212,524998807907 -137,524998807907 -19,881669845581
-212,524998807907 -132,525 -12,5483358764649
-212,524998807907 -127,525001192093 -3,88166793823251
-212,524998807907 -122,525002384186 6,11832824707031
-212,524998807907 -117,525003576279 17,4516526794433
-212,524998807907 -112,525004768372 30,1183168029785
-212,524998807907 -107,525005960464 44,118309173584
-212,524998807907 -102,525007152557 59,4516412353515
-212,524998807907 -97,5250047683716 76,1183129882812
-212,524998807907 -92,5250023841858 94,1183129882812
-207,525 -237,525 100,785
-207,525 -232,524997615814 81,4516603088378
-207,525 -227,524995231628 63,451648864746
-207,525 -222,524996423721 46,7849885559081
-207,525 -217,524997615814 31,4516564941406
-207,525 -212,524998807907 17,4516641235351
-207,525 -207,525 4,78499999999991
-207,525 -202,525001192093 -6,54833587646485
-207,525 -197,525002384186 -16,5483263397217
-207,525 -192,525003576279 -25,2149942779541
-207,525 -187,525002980232 -32,5483282470703
-207,525 -182,525002384186 -38,5483282470703
-207,525 -177,525001788139 -43,215
-207,525 -172,525001192093 -46,5483320617676
-207,525 -167,525001043081 -48,5483358764648
-207,525 -162,52500089407 -49,215
-207,525 -157,525000745058 -48,5483358764648
-207,525 -152,525000596046 -46,5483320617676
-207,525 -147,525 -43,215
-207,525 -142,524999403954 -38,5483339691162
-207,525 -137,524998807907 -32,5483339691161
-207,525 -132,525 -25,2150000000001
-207,525 -127,525001192093 -16,5483377838135
-207,525 -122,525002384186 -6,54833587646485
-207,525 -117,525003576279 4,78498855590817
-207,525 -112,525004768372 17,4516526794433
-207,525 -107,525005960464 31,4516450500489
-207,525 -102,525007152557 46,7849771118164
-207,525 -97,5250047683716 63,451648864746
-207,525 -92,5250023841858 81,4516603088378
-202,525001192093 -237,525 89,4516641235352
-202,525001192093 -232,524997615814 70,1183244323731
-202,525001192093 -227,524995231628 52,118324432373
-202,525001192093 -222,524996423721 35,4516526794434
-202,525001192093 -217,524997615814 20,1183320617676
-202,525001192093 -212,524998807907 6,11832824707031
-202,525001192093 -207,525 -6,54833587646485
-202,525001192093 -202,525001192093 -17,8816603088379
-202,525001192093 -197,525002384186 -27,8816622161864
-202,525001192093 -192,525003576279 -36,5483244323731
-202,525001192093 -187,525002980232 -43,8816584014892
-202,525001192093 -182,525002384186 -49,8816641235352
-202,525001192093 -177,525001788139 -54,5483301544189
-202,525001192093 -172,525001192093 -57,8816622161865
-202,525001192093 -167,525001043081 -59,8816631698608
-202,525001192093 -162,52500089407 -60,548330154419
-202,525001192093 -157,525000745058 -59,8816631698608
-202,525001192093 -152,525000596046 -57,8816650772094
-202,525001192093 -147,525 -54,5483301544189
-202,525001192093 -142,524999403954 -49,8816641235352
-202,525001192093 -137,524998807907 -43,8816641235351
-202,525001192093 -132,525 -36,548330154419
-202,525001192093 -127,525001192093 -27,8816679382324
-202,525001192093 -122,525002384186 -17,8816717529296
-202,525001192093 -117,525003576279 -6,54833587646485
-202,525001192093 -112,525004768372 6,11832824707031
-202,525001192093 -107,525005960464 20,1183206176759
-202,525001192093 -102,525007152557 35,4516412353516
-202,525001192093 -97,5250047683716 52,118324432373
-202,525001192093 -92,5250023841858 70,1183244323731
-197,525002384186 -237,525 79,4516679382324
-197,525002384186 -232,524997615814 60,1183282470702
-197,525002384186 -227,524995231628 42,1183168029784
-197,525002384186 -222,524996423721 25,4516564941405
-197,525002384186 -217,524997615814 10,1183358764648
-197,525002384186 -212,524998807907 -3,88166793823251
-197,525002384186 -207,525 -16,5483263397217
-197,525002384186 -202,525001192093 -27,8816622161864
-197,525002384186 -197,525002384186 -37,8816584014893
-197,525002384186 -192,525003576279 -46,5483206176758
-197,525002384186 -187,525002980232 -53,8816603088379
-197,525002384186 -182,525002384186 -59,8816603088379
-197,525002384186 -177,525001788139 -64,5483263397217
-197,525002384186 -172,525001192093 -67,8816612625123
-197,525002384186 -167,525001043081 -69,8816622161865
-197,525002384186 -162,52500089407 -70,5483292007446
-197,525002384186 -157,525000745058 -69,8816622161865
-197,525002384186 -152,525000596046 -67,8816612625123
-197,525002384186 -147,525 -64,5483292007446
-197,525002384186 -142,524999403954 -59,8816603088379
-197,525002384186 -137,524998807907 -53,8816603088379
-197,525002384186 -132,525 -46,5483263397217
-197,525002384186 -127,525001192093 -37,8816641235351
-197,525002384186 -122,525002384186 -27,8816679382324
-197,525002384186 -117,525003576279 -16,5483377838135
-197,525002384186 -112,525004768372 -3,88167938232425
-197,525002384186 -107,525005960464 10,118324432373
-197,525002384186 -102,525007152557 25,4516450500488
-197,525002384186 -97,5250047683716 42,1183168029784
-197,525002384186 -92,5250023841858 60,1183282470702
-192,525003576279 -237,525 70,7850114440918
-192,525003576279 -232,524997615814 51,4516603088378
-192,525003576279 -227,524995231628 33,451660308838
-192,525003576279 -222,524996423721 16,7850000000001
-192,525003576279 -217,524997615814 1,45166793823239
-192,525003576279 -212,524998807907 -12,5483301544189
-192,525003576279 -207,525 -25,2149942779541
-192,525003576279 -202,525001192093 -36,5483244323731
-192,525003576279 -197,525002384186 -46,5483206176758
-192,525003576279 -192,525003576279 -55,2149885559082
-192,525003576279 -187,525002980232 -62,5483225250244
-192,525003576279 -182,525002384186 -68,5483253860473
-192,525003576279 -177,525001788139 -73,2149914169312
-192,525003576279 -172,525001192093 -76,5483263397217
-192,525003576279 -167,525001043081 -78,548327293396
-192,525003576279 -162,52500089407 -79,2149942779541
-192,525003576279 -157,525000745058 -78,548327293396
-192,525003576279 -152,525000596046 -76,5483292007447
-192,525003576279 -147,525 -73,2149942779541
-192,525003576279 -142,524999403954 -68,5483282470703
-192,525003576279 -137,524998807907 -62,5483253860474
-192,525003576279 -132,525 -55,2149942779541
-192,525003576279 -127,525001192093 -46,5483320617676
-192,525003576279 -122,525002384186 -36,548330154419
-192,525003576279 -117,525003576279 -25,2150000000001
-192,525003576279 -112,525004768372 -12,5483415985107
-192,525003576279 -107,525005960464 1,45165649414062
-192,525003576279 -102,525007152557 16,7849885559081
-192,525003576279 -97,5250047683716 33,451660308838
-192,525003576279 -92,5250023841858 51,4516603088378
-187,525002980232 -237,525 63,4516717529297
-187,525002980232 -232,524997615814 44,1183320617675
-187,525002980232 -227,524995231628 26,1183206176757
-187,525002980232 -222,524996423721 9,45166030883786
-187,525002980232 -217,524997615814 -5,88167175292963
-187,525002980232 -212,524998807907 -19,8816641235352
-187,525002980232 -207,525 -32,5483282470703
-187,525002980232 -202,525001192093 -43,8816584014892
-187,525002980232 -197,525002384186 -53,8816603088379
-187,525002980232 -192,525003576279 -62,5483225250244
-187,525002980232 -187,525002980232 -69,8816593551636
-187,525002980232 -182,525002384186 -75,8816593551636
-187,525002980232 -177,525001788139 -80,5483282470703
-187,525002980232 -172,525001192093 -83,8816617393493
-187,525002980232 -167,525001043081 -85,8816626930237
-187,525002980232 -162,52500089407 -86,5483296775817
-187,525002980232 -157,525000745058 -85,8816626930237
-187,525002980232 -152,525000596046 -83,8816631698608
-187,525002980232 -147,525 -80,5483296775818
-187,525002980232 -142,524999403954 -75,8816622161865
-187,525002980232 -137,524998807907 -69,8816622161865
-187,525002980232 -132,525 -62,5483282470704
-187,525002980232 -127,525001192093 -53,8816660308838
-187,525002980232 -122,525002384186 -43,8816698455811
-187,525002980232 -117,525003576279 -32,5483396911621
-187,525002980232 -112,525004768372 -19,881675567627
-187,525002980232 -107,525005960464 -5,8816831970214
-187,525002980232 -102,525007152557 9,45164886474609
-187,525002980232 -97,5250047683716 26,1183206176757
-187,525002980232 -92,5250023841858 44,1183320617675
-182,525002384186 -237,525 57,4516717529297
-182,525002384186 -232,524997615814 38,1183320617677
-182,525002384186 -227,524995231628 20,1183206176759
-182,525002384186 -222,524996423721 3,45166030883797
-182,525002384186 -217,524997615814 -11,8816717529297
-182,525002384186 -212,524998807907 -25,8816698455811
-182,525002384186 -207,525 -38,5483282470703
-182,525002384186 -202,525001192093 -49,8816641235352
-182,525002384186 -197,525002384186 -59,8816603088379
-182,525002384186 -192,525003576279 -68,5483253860473
-182,525002384186 -187,525002980232 -75,8816593551636
-182,525002384186 -182,525002384186 -81,8816622161866
-182,525002384186 -177,525001788139 -86,5483296775817
-182,525002384186 -172,525001192093 -89,8816631698608
-182,525002384186 -167,525001043081 -91,8816641235352
-182,525002384186 -162,52500089407 -92,5483311080932
-182,525002384186 -157,525000745058 -91,8816641235352
-182,525002384186 -152,525000596046 -89,8816646003723
-182,525002384186 -147,525 -86,5483311080933
-182,525002384186 -142,524999403954 -81,881663646698
-182,525002384186 -137,524998807907 -75,8816622161865
-182,525002384186 -132,525 -68,5483311080932
-182,525002384186 -127,525001192093 -59,8816660308838
-182,525002384186 -122,525002384186 -49,8816698455811
-182,525002384186 -117,525003576279 -38,5483396911621
-182,525002384186 -112,525004768372 -25,881675567627
-182,525002384186 -107,525005960464 -11,8816831970215
-182,525002384186 -102,525007152557 3,45164886474601
-182,525002384186 -97,5250047683716 20,1183206176759
-182,525002384186 -92,5250023841858 38,1183320617677
-177,525001788139 -237,525 52,785
-177,525001788139 -232,524997615814 33,451660308838
-177,525001788139 -227,524995231628 15,4516488647462
-177,525001788139 -222,524996423721 -1,21501144409172
-177,525001788139 -217,524997615814 -16,5483377838135
-177,525001788139 -212,524998807907 -30,5483358764648
-177,525001788139 -207,525 -43,215
-177,525001788139 -202,525001192093 -54,5483301544189
-177,525001788139 -197,525002384186 -64,5483263397217
-177,525001788139 -192,525003576279 -73,2149914169312
-177,525001788139 -187,525002980232 -80,5483282470703
-177,525001788139 -182,525002384186 -86,5483296775817
-177,525001788139 -177,525001788139 -91,2149971389771
-177,525001788139 -172,525001192093 -94,5483313465118
-177,525001788139 -167,525001043081 -96,5483315849305
-177,525001788139 -162,52500089407 -97,2149985694886
-177,525001788139 -157,525000745058 -96,5483323001862
-177,525001788139 -152,525000596046 -94,5483320617676
-177,525001788139 -147,525 -91,2149985694886
-177,525001788139 -142,524999403954 -86,5483311080933
-177,525001788139 -137,524998807907 -80,5483296775818
-177,525001788139 -132,525 -73,214997138977
-177,525001788139 -127,525001192093 -64,5483349227905
-177,525001788139 -122,525002384186 -54,5483358764649
-177,525001788139 -117,525003576279 -43,2150057220459
-177,525001788139 -112,525004768372 -30,5483473205567
-177,525001788139 -107,525005960464 -16,5483492279052
-177,525001788139 -102,525007152557 -1,21502288818368
-177,525001788139 -97,5250047683716 15,4516488647462
-177,525001788139 -92,5250023841858 33,451660308838
-172,525001192093 -237,525 49,4516679382324
-172,525001192093 -232,524997615814 30,1183282470702
-172,525001192093 -227,524995231628 12,1183168029784
-172,525001192093 -222,524996423721 -4,54834350585946
-172,525001192093 -217,524997615814 -19,881675567627
-172,525001192093 -212,524998807907 -33,8816679382325
-172,525001192093 -207,525 -46,5483320617676
-172,525001192093 -202,525001192093 -57,8816622161865
-172,525001192093 -197,525002384186 -67,8816612625123
-172,525001192093 -192,525003576279 -76,5483263397217
-172,525001192093 -187,525002980232 -83,8816617393493
-172,525001192093 -182,525002384186 -89,8816631698608
-172,525001192093 -177,525001788139 -94,5483313465118
-172,525001192093 -172,525001192093 -97,8816655540466
-172,525001192093 -167,525001043081 -99,8816657924652
-172,525001192093 -162,52500089407 -100,548332777023
-172,525001192093 -157,525000745058 -99,881666150093
-172,525001192093 -152,525000596046 -97,8816662693023
-172,525001192093 -147,525 -94,5483327770233
-172,525001192093 -142,524999403954 -89,8816660308838
-172,525001192093 -137,524998807907 -83,8816646003723
-172,525001192093 -132,525 -76,5483320617676
-172,525001192093 -127,525001192093 -67,8816669845581
-172,525001192093 -122,525002384186 -57,8816707992554
-172,525001192093 -117,525003576279 -46,5483435058594
-172,525001192093 -112,525004768372 -33,8816793823243
-172,525001192093 -107,525005960464 -19,8816812896729
-172,525001192093 -102,525007152557 -4,5483549499512
-172,525001192093 -97,5250047683716 12,1183168029784
-172,525001192093 -92,5250023841858 30,1183282470702
-167,525001043081 -237,525 47,4516641235351
-167,525001043081 -232,524997615814 28,1183244323731
-167,525001043081 -227,524995231628 10,1183129882813
-167,525001043081 -222,524996423721 -6,54834732055659
-167,525001043081 -217,524997615814 -21,8816736602783
-167,525001043081 -212,524998807907 -35,8816717529296
-167,525001043081 -207,525 -48,5483358764648
-167,525001043081 -202,525001192093 -59,8816631698608
-167,525001043081 -197,525002384186 -69,8816622161865
-167,525001043081 -192,525003576279 -78,548327293396
-167,525001043081 -187,525002980232 -85,8816626930237
-167,525001043081 -182,525002384186 -91,8816641235352
-167,525001043081 -177,525001788139 -96,5483315849305
-167,525001043081 -172,525001192093 -99,8816657924652
-167,525001043081 -167,525001043081 -101,881666120291
-167,525001043081 -162,52500089407 -102,548333060145
-167,525001043081 -157,525000745058 -101,881666567326
-167,525001043081 -152,525000596046 -99,8816668653488
-167,525001043081 -147,525 -96,5483330154419
-167,525001043081 -142,524999403954 -91,8816655540467
-167,525001043081 -137,524998807907 -85,8816641235352
-167,525001043081 -132,525 -78,5483330154419
-167,525001043081 -127,525001192093 -69,8816679382324
-167,525001043081 -122,525002384186 -59,8816717529297
-167,525001043081 -117,525003576279 -48,5483415985108
-167,525001043081 -112,525004768372 -35,8816774749756
-167,525001043081 -107,525005960464 -21,8816851043701
-167,525001043081 -102,525007152557 -6,54835876464836
-167,525001043081 -97,5250047683716 10,1183129882813
-167,525001043081 -92,5250023841858 28,1183244323731
-162,52500089407 -237,525 46,7850000000001
-162,52500089407 -232,524997615814 27,4516603088379
-162,52500089407 -227,524995231628 9,45164886474609
-162,52500089407 -222,524996423721 -7,2150114440918
-162,52500089407 -217,524997615814 -22,5483377838135
-162,52500089407 -212,524998807907 -36,5483358764648
-162,52500089407 -207,525 -49,215
-162,52500089407 -202,525001192093 -60,548330154419
-162,52500089407 -197,525002384186 -70,5483292007446
-162,52500089407 -192,525003576279 -79,2149942779541
-162,52500089407 -187,525002980232 -86,5483296775817
-162,52500089407 -182,525002384186 -92,5483311080932
-162,52500089407 -177,525001788139 -97,2149985694886
-162,52500089407 -172,525001192093 -100,548332777023
-162,52500089407 -167,525001043081 -102,548333060145
-162,52500089407 -162,52500089407 -103,215
-162,52500089407 -157,525000745058 -102,548333551884
-162,52500089407 -152,525000596046 -100,548333671093
-162,52500089407 -147,525 -97,215
-162,52500089407 -142,524999403954 -92,5483325386047
-162,52500089407 -137,524998807907 -86,5483311080933
-162,52500089407 -132,525 -79,215
-162,52500089407 -127,525001192093 -70,5483349227906
-162,52500089407 -122,525002384186 -60,5483387374878
-162,52500089407 -117,525003576279 -49,2150057220459
-162,52500089407 -112,525004768372 -36,5483473205566
-162,52500089407 -107,525005960464 -22,5483492279053
-162,52500089407 -102,525007152557 -7,21502288818354
-162,52500089407 -97,5250047683716 9,45164886474609
-162,52500089407 -92,5250023841858 27,4516603088379
-157,525000745058 -237,525 47,4516641235351
-157,525000745058 -232,524997615814 28,1183244323731
-157,525000745058 -227,524995231628 10,1183129882813
-157,525000745058 -222,524996423721 -6,54834732055659
-157,525000745058 -217,524997615814 -21,8816736602783
-157,525000745058 -212,524998807907 -35,8816717529296
-157,525000745058 -207,525 -48,5483358764648
-157,525000745058 -202,525001192093 -59,8816631698608
-157,525000745058 -197,525002384186 -69,8816622161865
-157,525000745058 -192,525003576279 -78,548327293396
-157,525000745058 -187,525002980232 -85,8816626930237
-157,525000745058 -182,525002384186 -91,8816641235352
-157,525000745058 -177,525001788139 -96,5483323001862
-157,525000745058 -172,525001192093 -99,881666150093
-157,525000745058 -167,525001043081 -101,881666567326
-157,525000745058 -162,52500089407 -102,548333551884
-157,525000745058 -157,525000745058 -101,881667103767
-157,525000745058 -152,525000596046 -99,8816672229767
-157,525000745058 -147,525 -96,5483337306977
-157,525000745058 -142,524999403954 -91,8816662693023
-157,525000745058 -137,524998807907 -85,8816655540467
-157,525000745058 -132,525 -78,5483330154419
-157,525000745058 -127,525001192093 -69,8816679382324
-157,525000745058 -122,525002384186 -59,8816717529297
-157,525000745058 -117,525003576279 -48,5483415985108
-157,525000745058 -112,525004768372 -35,8816774749756
-157,525000745058 -107,525005960464 -21,8816851043701
-157,525000745058 -102,525007152557 -6,54835876464836
-157,525000745058 -97,5250047683716 10,1183129882813
-157,525000745058 -92,5250023841858 28,1183244323731
-152,525000596046 -237,525 49,4516679382324
-152,525000596046 -232,524997615814 30,1183282470702
-152,525000596046 -227,524995231628 12,1183168029784
-152,525000596046 -222,524996423721 -4,54834350585946
-152,525000596046 -217,524997615814 -19,881675567627
-152,525000596046 -212,524998807907 -33,8816679382325
-152,525000596046 -207,525 -46,5483320617676
-152,525000596046 -202,525001192093 -57,8816650772094
-152,525000596046 -197,525002384186 -67,8816612625123
-152,525000596046 -192,525003576279 -76,5483292007447
-152,525000596046 -187,525002980232 -83,8816631698608
-152,525000596046 -182,525002384186 -89,8816646003723
-152,525000596046 -177,525001788139 -94,5483320617676
-152,525000596046 -172,525001192093 -97,8816662693023
-152,525000596046 -167,525001043081 -99,8816668653488
-152,525000596046 -162,52500089407 -100,548333671093
-152,525000596046 -157,525000745058 -99,8816672229767
-152,525000596046 -152,525000596046 -97,881667342186
-152,525000596046 -147,525 -94,5483334922791
-152,525000596046 -142,524999403954 -89,8816660308838
-152,525000596046 -137,524998807907 -83,8816660308838
-152,525000596046 -132,525 -76,5483349227906
-152,525000596046 -127,525001192093 -67,881669845581
-152,525000596046 -122,525002384186 -57,8816707992554
-152,525000596046 -117,525003576279 -46,5483435058594
-152,525000596046 -112,525004768372 -33,8816793823243
-152,525000596046 -107,525005960464 -19,8816870117187
-152,525000596046 -102,525007152557 -4,5483549499512
-152,525000596046 -97,5250047683716 12,1183168029784
-152,525000596046 -92,5250023841858 30,1183282470702
-147,525 -237,525 52,785
-147,525 -232,524997615814 33,451660308838
-147,525 -227,524995231628 15,4516488647462
-147,525 -222,524996423721 -1,21501144409172
-147,525 -217,524997615814 -16,5483377838135
-147,525 -212,524998807907 -30,5483358764648
-147,525 -207,525 -43,215
-147,525 -202,525001192093 -54,5483301544189
-147,525 -197,525002384186 -64,5483292007446
-147,525 -192,525003576279 -73,2149942779541
-147,525 -187,525002980232 -80,5483296775818
-147,525 -182,525002384186 -86,5483311080933
-147,525 -177,525001788139 -91,2149985694886
-147,525 -172,525001192093 -94,5483327770233
-147,525 -167,525001043081 -96,5483330154419
-147,525 -162,52500089407 -97,215
-147,525 -157,525000745058 -96,5483337306977
-147,525 -152,525000596046 -94,5483334922791
-147,525 -147,525 -91,215
-147,525 -142,524999403954 -86,5483325386048
-147,525 -137,524998807907 -80,5483311080933
-147,525 -132,525 -73,215
-147,525 -127,525001192093 -64,5483349227905
-147,525 -122,525002384186 -54,5483358764649
-147,525 -117,525003576279 -43,2150057220459
-147,525 -112,525004768372 -30,5483473205567
-147,525 -107,525005960464 -16,5483492279052
-147,525 -102,525007152557 -1,21502288818368
-147,525 -97,5250047683716 15,4516488647462
-147,525 -92,5250023841858 33,451660308838
-142,524999403954 -237,525 57,4516717529297
-142,524999403954 -232,524997615814 38,1183206176757
-142,524999403954 -227,524995231628 20,1183206176759
-142,524999403954 -222,524996423721 3,45166030883797
-142,524999403954 -217,524997615814 -11,8816717529297
-142,524999403954 -212,524998807907 -25,8816698455811
-142,524999403954 -207,525 -38,5483339691162
-142,524999403954 -202,525001192093 -49,8816641235352
-142,524999403954 -197,525002384186 -59,8816603088379
-142,524999403954 -192,525003576279 -68,5483282470703
-142,524999403954 -187,525002980232 -75,8816622161865
-142,524999403954 -182,525002384186 -81,881663646698
-142,524999403954 -177,525001788139 -86,5483311080933
-142,524999403954 -172,525001192093 -89,8816660308838
-142,524999403954 -167,525001043081 -91,8816655540467
-142,524999403954 -162,52500089407 -92,5483325386047
-142,524999403954 -157,525000745058 -91,8816662693023
-142,524999403954 -152,525000596046 -89,8816660308838
-142,524999403954 -147,525 -86,5483325386048
-142,524999403954 -142,524999403954 -81,8816650772094
-142,524999403954 -137,524998807907 -75,8816650772095
-142,524999403954 -132,525 -68,5483339691162
-142,524999403954 -127,525001192093 -59,8816688919068
-142,524999403954 -122,525002384186 -49,8816698455811
-142,524999403954 -117,525003576279 -38,5483396911621
-142,524999403954 -112,525004768372 -25,8816812896728
-142,524999403954 -107,525005960464 -11,8816831970215
-142,524999403954 -102,525007152557 3,45164886474601
-142,524999403954 -97,5250047683716 20,1183206176759
-142,524999403954 -92,5250023841858 38,1183206176757
-137,524998807907 -237,525 63,4516717529297
-137,524998807907 -232,524997615814 44,1183206176758
-137,524998807907 -227,524995231628 26,1183206176757
-137,524998807907 -222,524996423721 9,45166030883786
-137,524998807907 -217,524997615814 -5,88167175292963
-137,524998807907 -212,524998807907 -19,881669845581
-137,524998807907 -207,525 -32,5483339691161
-137,524998807907 -202,525001192093 -43,8816641235351
-137,524998807907 -197,525002384186 -53,8816603088379
-137,524998807907 -192,525003576279 -62,5483253860474
-137,524998807907 -187,525002980232 -69,8816622161865
-137,524998807907 -182,525002384186 -75,8816622161865
-137,524998807907 -177,525001788139 -80,5483296775818
-137,524998807907 -172,525001192093 -83,8816646003723
-137,524998807907 -167,525001043081 -85,8816641235352
-137,524998807907 -162,52500089407 -86,5483311080933
-137,524998807907 -157,525000745058 -85,8816655540467
-137,524998807907 -152,525000596046 -83,8816660308838
-137,524998807907 -147,525 -80,5483311080933
-137,524998807907 -142,524999403954 -75,8816650772095
-137,524998807907 -137,524998807907 -69,8816622161865
-137,524998807907 -132,525 -62,5483311080932
-137,524998807907 -127,525001192093 -53,8816660308838
-137,524998807907 -122,525002384186 -43,8816698455811
-137,524998807907 -117,525003576279 -32,5483396911621
-137,524998807907 -112,525004768372 -19,881675567627
-137,524998807907 -107,525005960464 -5,8816831970214
-137,524998807907 -102,525007152557 9,45164886474609
-137,524998807907 -97,5250047683716 26,1183206176757
-137,524998807907 -92,5250023841858 44,1183206176758
-132,525 -237,525 70,785
-132,525 -232,524997615814 51,4516603088378
-132,525 -227,524995231628 33,451648864746
-132,525 -222,524996423721 16,7849885559081
-132,525 -217,524997615814 1,45165649414062
-132,525 -212,524998807907 -12,5483358764649
-132,525 -207,525 -25,2150000000001
-132,525 -202,525001192093 -36,548330154419
-132,525 -197,525002384186 -46,5483263397217
-132,525 -192,525003576279 -55,2149942779541
-132,525 -187,525002980232 -62,5483282470704
-132,525 -182,525002384186 -68,5483311080932
-132,525 -177,525001788139 -73,214997138977
-132,525 -172,525001192093 -76,5483320617676
-132,525 -167,525001043081 -78,5483330154419
-132,525 -162,52500089407 -79,215
-132,525 -157,525000745058 -78,5483330154419
-132,525 -152,525000596046 -76,5483349227906
-132,525 -147,525 -73,215
-132,525 -142,524999403954 -68,5483339691162
-132,525 -137,524998807907 -62,5483311080932
-132,525 -132,525 -55,215
-132,525 -127,525001192093 -46,5483377838134
-132,525 -122,525002384186 -36,5483358764648
-132,525 -117,525003576279 -25,2150057220459
-132,525 -112,525004768372 -12,5483473205567
-132,525 -107,525005960464 1,45164505004888
-132,525 -102,525007152557 16,7849771118164
-132,525 -97,5250047683716 33,451648864746
-132,525 -92,5250023841858 51,4516603088378
-127,525001192093 -237,525 79,4516679382324
-127,525001192093 -232,524997615814 60,1183168029785
-127,525001192093 -227,524995231628 42,1183168029784
-127,525001192093 -222,524996423721 25,4516564941405
-127,525001192093 -217,524997615814 10,118324432373
-127,525001192093 -212,524998807907 -3,88166793823251
-127,525001192093 -207,525 -16,5483377838135
-127,525001192093 -202,525001192093 -27,8816679382324
-127,525001192093 -197,525002384186 -37,8816641235351
-127,525001192093 -192,525003576279 -46,5483320617676
-127,525001192093 -187,525002980232 -53,8816660308838
-127,525001192093 -182,525002384186 -59,8816660308838
-127,525001192093 -177,525001788139 -64,5483349227905
-127,525001192093 -172,525001192093 -67,8816669845581
-127,525001192093 -167,525001043081 -69,8816679382324
-127,525001192093 -162,52500089407 -70,5483349227906
-127,525001192093 -157,525000745058 -69,8816679382324
-127,525001192093 -152,525000596046 -67,881669845581
-127,525001192093 -147,525 -64,5483349227905
-127,525001192093 -142,524999403954 -59,8816688919068
-127,525001192093 -137,524998807907 -53,8816660308838
-127,525001192093 -132,525 -46,5483377838134
-127,525001192093 -127,525001192093 -37,881669845581
-127,525001192093 -122,525002384186 -27,8816736602784
-127,525001192093 -117,525003576279 -16,5483435058594
-127,525001192093 -112,525004768372 -3,88167938232425
-127,525001192093 -107,525005960464 10,1183129882813
-127,525001192093 -102,525007152557 25,4516450500488
-127,525001192093 -97,5250047683716 42,1183168029784
-127,525001192093 -92,5250023841858 60,1183168029785
-122,525002384186 -237,525 89,4516641235352
-122,525002384186 -232,524997615814 70,1183244323731
-122,525002384186 -227,524995231628 52,1183129882813
-122,525002384186 -222,524996423721 35,4516526794434
-122,525002384186 -217,524997615814 20,1183206176759
-122,525002384186 -212,524998807907 6,11832824707031
-122,525002384186 -207,525 -6,54833587646485
-122,525002384186 -202,525001192093 -17,8816717529296
-122,525002384186 -197,525002384186 -27,8816679382324
-122,525002384186 -192,525003576279 -36,548330154419
-122,525002384186 -187,525002980232 -43,8816698455811
-122,525002384186 -182,525002384186 -49,8816698455811
-122,525002384186 -177,525001788139 -54,5483358764649
-122,525002384186 -172,525001192093 -57,8816707992554
-122,525002384186 -167,525001043081 -59,8816717529297
-122,525002384186 -162,52500089407 -60,5483387374878
-122,525002384186 -157,525000745058 -59,8816717529297
-122,525002384186 -152,525000596046 -57,8816707992554
-122,525002384186 -147,525 -54,5483358764649
-122,525002384186 -142,524999403954 -49,8816698455811
-122,525002384186 -137,524998807907 -43,8816698455811
-122,525002384186 -132,525 -36,5483358764648
-122,525002384186 -127,525001192093 -27,8816736602784
-122,525002384186 -122,525002384186 -17,8816774749756
-122,525002384186 -117,525003576279 -6,54834732055659
-122,525002384186 -112,525004768372 6,11831680297857
-122,525002384186 -107,525005960464 20,1183091735839
-122,525002384186 -102,525007152557 35,4516412353516
-122,525002384186 -97,5250047683716 52,1183129882813
-122,525002384186 -92,5250023841858 70,1183244323731
-117,525003576279 -237,525 100,785
-117,525003576279 -232,524997615814 81,4516488647461
-117,525003576279 -227,524995231628 63,4516374206543
-117,525003576279 -222,524996423721 46,7849771118164
-117,525003576279 -217,524997615814 31,4516564941406
-117,525003576279 -212,524998807907 17,4516526794433
-117,525003576279 -207,525 4,78498855590817
-117,525003576279 -202,525001192093 -6,54833587646485
-117,525003576279 -197,525002384186 -16,5483377838135
-117,525003576279 -192,525003576279 -25,2150000000001
-117,525003576279 -187,525002980232 -32,5483396911621
-117,525003576279 -182,525002384186 -38,5483396911621
-117,525003576279 -177,525001788139 -43,2150057220459
-117,525003576279 -172,525001192093 -46,5483435058594
-117,525003576279 -167,525001043081 -48,5483415985108
-117,525003576279 -162,52500089407 -49,2150057220459
-117,525003576279 -157,525000745058 -48,5483415985108
-117,525003576279 -152,525000596046 -46,5483435058594
-117,525003576279 -147,525 -43,2150057220459
-117,525003576279 -142,524999403954 -38,5483396911621
-117,525003576279 -137,524998807907 -32,5483396911621
-117,525003576279 -132,525 -25,2150057220459
-117,525003576279 -127,525001192093 -16,5483435058594
-117,525003576279 -122,525002384186 -6,54834732055659
-117,525003576279 -117,525003576279 4,78498855590817
-117,525003576279 -112,525004768372 17,4516412353516
-117,525003576279 -107,525005960464 31,4516450500489
-117,525003576279 -102,525007152557 46,7849656677246
-117,525003576279 -97,5250047683716 63,4516374206543
-117,525003576279 -92,5250023841858 81,4516488647461
-112,525004768372 -237,525 113,451664123535
-112,525004768372 -232,524997615814 94,1183129882812
-112,525004768372 -227,524995231628 76,1183015441894
-112,525004768372 -222,524996423721 59,4516412353515
-112,525004768372 -217,524997615814 44,118309173584
-112,525004768372 -212,524998807907 30,1183168029785
-112,525004768372 -207,525 17,4516526794433
-112,525004768372 -202,525001192093 6,11832824707031
-112,525004768372 -197,525002384186 -3,88167938232425
-112,525004768372 -192,525003576279 -12,5483415985107
-112,525004768372 -187,525002980232 -19,881675567627
-112,525004768372 -182,525002384186 -25,881675567627
-112,525004768372 -177,525001788139 -30,5483473205567
-112,525004768372 -172,525001192093 -33,8816793823243
-112,525004768372 -167,525001043081 -35,8816774749756
-112,525004768372 -162,52500089407 -36,5483473205566
-112,525004768372 -157,525000745058 -35,8816774749756
-112,525004768372 -152,525000596046 -33,8816793823243
-112,525004768372 -147,525 -30,5483473205567
-112,525004768372 -142,524999403954 -25,8816812896728
-112,525004768372 -137,524998807907 -19,881675567627
-112,525004768372 -132,525 -12,5483473205567
-112,525004768372 -127,525001192093 -3,88167938232425
-112,525004768372 -122,525002384186 6,11831680297857
-112,525004768372 -117,525003576279 17,4516412353516
-112,525004768372 -112,525004768372 30,1183053588867
-112,525004768372 -107,525005960464 44,1182977294923
-112,525004768372 -102,525007152557 59,4516297912598
-112,525004768372 -97,5250047683716 76,1183015441894
-112,525004768372 -92,5250023841858 94,1183129882812
-107,525005960464 -237,525 127,451656494141
-107,525005960464 -232,524997615814 108,118305358887
-107,525005960464 -227,524995231628 90,1183053588867
-107,525005960464 -222,524996423721 73,4516336059571
-107,525005960464 -217,524997615814 58,1183129882813
-107,525005960464 -212,524998807907 44,118309173584
-107,525005960464 -207,525 31,4516450500489
-107,525005960464 -202,525001192093 20,1183206176759
-107,525005960464 -197,525002384186 10,118324432373
-107,525005960464 -192,525003576279 1,45165649414062
-107,525005960464 -187,525002980232 -5,8816831970214
-107,525005960464 -182,525002384186 -11,8816831970215
-107,525005960464 -177,525001788139 -16,5483492279052
-107,525005960464 -172,525001192093 -19,8816812896729
-107,525005960464 -167,525001043081 -21,8816851043701
-107,525005960464 -162,52500089407 -22,5483492279053
-107,525005960464 -157,525000745058 -21,8816851043701
-107,525005960464 -152,525000596046 -19,8816870117187
-107,525005960464 -147,525 -16,5483492279052
-107,525005960464 -142,524999403954 -11,8816831970215
-107,525005960464 -137,524998807907 -5,8816831970214
-107,525005960464 -132,525 1,45164505004888
-107,525005960464 -127,525001192093 10,1183129882813
-107,525005960464 -122,525002384186 20,1183091735839
-107,525005960464 -117,525003576279 31,4516450500489
-107,525005960464 -112,525004768372 44,1182977294923
-107,525005960464 -107,525005960464 58,1183015441894
-107,525005960464 -102,525007152557 73,4516221618653
-107,525005960464 -97,5250047683716 90,1183053588867
-107,525005960464 -92,5250023841858 108,118305358887
-102,525007152557 -237,525 142,784977111816
-102,525007152557 -232,524997615814 123,451625976563
-102,525007152557 -227,524995231628 105,451625976562
-102,525007152557 -222,524996423721 88,7849656677246
-102,525007152557 -217,524997615814 73,4516336059571
-102,525007152557 -212,524998807907 59,4516412353515
-102,525007152557 -207,525 46,7849771118164
-102,525007152557 -202,525001192093 35,4516412353516
-102,525007152557 -197,525002384186 25,4516450500488
-102,525007152557 -192,525003576279 16,7849885559081
-102,525007152557 -187,525002980232 9,45164886474609
-102,525007152557 -182,525002384186 3,45164886474601
-102,525007152557 -177,525001788139 -1,21502288818368
-102,525007152557 -172,525001192093 -4,5483549499512
-102,525007152557 -167,525001043081 -6,54835876464836
-102,525007152557 -162,52500089407 -7,21502288818354
-102,525007152557 -157,525000745058 -6,54835876464836
-102,525007152557 -152,525000596046 -4,5483549499512
-102,525007152557 -147,525 -1,21502288818368
-102,525007152557 -142,524999403954 3,45164886474601
-102,525007152557 -137,524998807907 9,45164886474609
-102,525007152557 -132,525 16,7849771118164
-102,525007152557 -127,525001192093 25,4516450500488
-102,525007152557 -122,525002384186 35,4516412353516
-102,525007152557 -117,525003576279 46,7849656677246
-102,525007152557 -112,525004768372 59,4516297912598
-102,525007152557 -107,525005960464 73,4516221618653
-102,525007152557 -102,525007152557 88,7849542236328
-102,525007152557 -97,5250047683716 105,451625976562
-102,525007152557 -92,5250023841858 123,451625976563
-97,5250047683716 -237,525 159,451648864746
-97,5250047683716 -232,524997615814 140,118297729492
-97,5250047683716 -227,524995231628 122,118297729492
-97,5250047683716 -222,524996423721 105,451648864746
-97,5250047683716 -217,524997615814 90,1183053588867
-97,5250047683716 -212,524998807907 76,1183129882812
-97,5250047683716 -207,525 63,451648864746
-97,5250047683716 -202,525001192093 52,118324432373
-97,5250047683716 -197,525002384186 42,1183168029784
-97,5250047683716 -192,525003576279 33,451660308838
-97,5250047683716 -187,525002980232 26,1183206176757
-97,5250047683716 -182,525002384186 20,1183206176759
-97,5250047683716 -177,525001788139 15,4516488647462
-97,5250047683716 -172,525001192093 12,1183168029784
-97,5250047683716 -167,525001043081 10,1183129882813
-97,5250047683716 -162,52500089407 9,45164886474609
-97,5250047683716 -157,525000745058 10,1183129882813
-97,5250047683716 -152,525000596046 12,1183168029784
-97,5250047683716 -147,525 15,4516488647462
-97,5250047683716 -142,524999403954 20,1183206176759
-97,5250047683716 -137,524998807907 26,1183206176757
-97,5250047683716 -132,525 33,451648864746
-97,5250047683716 -127,525001192093 42,1183168029784
-97,5250047683716 -122,525002384186 52,1183129882813
-97,5250047683716 -117,525003576279 63,4516374206543
-97,5250047683716 -112,525004768372 76,1183015441894
-97,5250047683716 -107,525005960464 90,1183053588867
-97,5250047683716 -102,525007152557 105,451625976562
-97,5250047683716 -97,5250047683716 122,118297729492
-97,5250047683716 -92,5250023841858 140,118297729492
-92,5250023841858 -237,525 177,451648864746
-92,5250023841858 -232,524997615814 158,118320617676
-92,5250023841858 -227,524995231628 140,118297729492
-92,5250023841858 -222,524996423721 123,451648864746
-92,5250023841858 -217,524997615814 108,11832824707
-92,5250023841858 -212,524998807907 94,1183129882812
-92,5250023841858 -207,525 81,4516603088378
-92,5250023841858 -202,525001192093 70,1183244323731
-92,5250023841858 -197,525002384186 60,1183282470702
-92,5250023841858 -192,525003576279 51,4516603088378
-92,5250023841858 -187,525002980232 44,1183320617675
-92,5250023841858 -182,525002384186 38,1183320617677
-92,5250023841858 -177,525001788139 33,451660308838
-92,5250023841858 -172,525001192093 30,1183282470702
-92,5250023841858 -167,525001043081 28,1183244323731
-92,5250023841858 -162,52500089407 27,4516603088379
-92,5250023841858 -157,525000745058 28,1183244323731
-92,5250023841858 -152,525000596046 30,1183282470702
-92,5250023841858 -147,525 33,451660308838
-92,5250023841858 -142,524999403954 38,1183206176757
-92,5250023841858 -137,524998807907 44,1183206176758
-92,5250023841858 -132,525 51,4516603088378
-92,5250023841858 -127,525001192093 60,1183168029785
-92,5250023841858 -122,525002384186 70,1183244323731
-92,5250023841858 -117,525003576279 81,4516488647461
-92,5250023841858 -112,525004768372 94,1183129882812
-92,5250023841858 -107,525005960464 108,118305358887
-92,5250023841858 -102,525007152557 123,451625976563
-92,5250023841858 -97,5250047683716 140,118297729492
-92,5250023841858 -92,5250023841858 158,118320617676
1 0
2 1
3 2
4 3
5 4
6 5
7 6
8 7
9 8
10 9
11 10
12 11
13 12
14 13
15 14
16 15
17 16
18 17
19 18
20 19
21 20
22 21
23 22
24 23
25 24
26 25
27 26
28 27
29 28
30 0
31 30
31 1
32 31
32 2
33 32
33 3
34 33
34 4
35 34
35 5
36 35
36 6
37 36
37 7
38 37
38 8
39 38
39 9
40 39
40 10
41 40
41 11
42 41
42 12
43 42
43 13
44 43
44 14
45 44
45 15
46 45
46 16
47 46
47 17
48 47
48 18
49 48
49 19
50 49
50 20
51 50
51 21
52 51
52 22
53 52
53 23
54 53
54 24
55 54
55 25
56 55
56 26
57 56
57 27
58 57
58 28
59 58
59 29
60 30
61 60
61 31
62 61
62 32
63 62
63 33
64 63
64 34
65 64
65 35
66 65
66 36
67 66
67 37
68 67
68 38
69 68
69 39
70 69
70 40
71 70
71 41
72 71
72 42
73 72
73 43
74 73
74 44
75 74
75 45
76 75
76 46
77 76
77 47
78 77
78 48
79 78
79 49
80 79
80 50
81 80
81 51
82 81
82 52
83 82
83 53
84 83
84 54
85 84
85 55
86 85
86 56
87 86
87 57
88 87
88 58
89 88
89 59
90 60
91 90
91 61
92 91
92 62
93 92
93 63
94 93
94 64
95 94
95 65
96 95
96 66
97 96
97 67
98 97
98 68
99 98
99 69
100 99
100 70
101 100
101 71
102 101
102 72
103 102
103 73
104 103
104 74
105 104
105 75
106 105
106 76
107 106
107 77
108 107
108 78
109 108
109 79
110 109
110 80
111 110
111 81
112 111
112 82
113 112
113 83
114 113
114 84
115 114
115 85
116 115
116 86
117 116
117 87
118 117
118 88
119 118
119 89
120 90
121 120
121 91
122 121
122 92
123 122
123 93
124 123
124 94
125 124
125 95
126 125
126 96
127 126
127 97
128 127
128 98
129 128
129 99
130 129
130 100
131 130
131 101
132 131
132 102
133 132
133 103
134 133
134 104
135 134
135 105
136 135
136 106
137 136
137 107
138 137
138 108
139 138
139 109
140 139
140 110
141 140
141 111
142 141
142 112
143 142
143 113
144 143
144 114
145 144
145 115
146 145
146 116
147 146
147 117
148 147
148 118
149 148
149 119
150 120
151 150
151 121
152 151
152 122
153 152
153 123
154 153
154 124
155 154
155 125
156 155
156 126
157 156
157 127
158 157
158 128
159 158
159 129
160 159
160 130
161 160
161 131
162 161
162 132
163 162
163 133
164 163
164 134
165 164
165 135
166 165
166 136
167 166
167 137
168 167
168 138
169 168
169 139
170 169
170 140
171 170
171 141
172 171
172 142
173 172
173 143
174 173
174 144
175 174
175 145
176 175
176 146
177 176
177 147
178 177
178 148
179 178
179 149
180 150
181 180
181 151
182 181
182 152
183 182
183 153
184 183
184 154
185 184
185 155
186 185
186 156
187 186
187 157
188 187
188 158
189 188
189 159
190 189
190 160
191 190
191 161
192 191
192 162
193 192
193 163
194 193
194 164
195 194
195 165
196 195
196 166
197 196
197 167
198 197
198 168
199 198
199 169
200 199
200 170
201 200
201 171
202 201
202 172
203 202
203 173
204 203
204 174
205 204
205 175
206 205
206 176
207 206
207 177
208 207
208 178
209 208
209 179
210 180
211 210
211 181
212 211
212 182
213 212
213 183
214 213
214 184
215 214
215 185
216 215
216 186
217 216
217 187
218 217
218 188
219 218
219 189
220 219
220 190
221 220
221 191
222 221
222 192
223 222
223 193
224 223
224 194
225 224
225 195
226 225
226 196
227 226
227 197
228 227
228 198
229 228
229 199
230 229
230 200
231 230
231 201
232 231
232 202
233 232
233 203
234 233
234 204
235 234
235 205
236 235
236 206
237 236
237 207
238 237
238 208
239 238
239 209
240 210
241 240
241 211
242 241
242 212
243 242
243 213
244 243
244 214
245 244
245 215
246 245
246 216
247 246
247 217
248 247
248 218
249 248
249 219
250 249
250 220
251 250
251 221
252 251
252 222
253 252
253 223
254 253
254 224
255 254
255 225
256 255
256 226
257 256
257 227
258 257
258 228
259 258
259 229
260 259
260 230
261 260
261 231
262 261
262 232
263 262
263 233
264 263
264 234
265 264
265 235
266 265
266 236
267 266
267 237
268 267
268 238
269 268
269 239
270 240
271 270
271 241
272 271
272 242
273 272
273 243
274 273
274 244
275 274
275 245
276 275
276 246
277 276
277 247
278 277
278 248
279 278
279 249
280 279
280 250
281 280
281 251
282 281
282 252
283 282
283 253
284 283
284 254
285 284
285 255
286 285
286 256
287 286
287 257
288 287
288 258
289 288
289 259
290 289
290 260
291 290
291 261
292 291
292 262
293 292
293 263
294 293
294 264
295 294
295 265
296 295
296 266
297 296
297 267
298 297
298 268
299 298
299 269
300 270
301 300
301 271
302 301
302 272
303 302
303 273
304 303
304 274
305 304
305 275
306 305
306 276
307 306
307 277
308 307
308 278
309 308
309 279
310 309
310 280
311 310
311 281
312 311
312 282
313 312
313 283
314 313
314 284
315 314
315 285
316 315
316 286
317 316
317 287
318 317
318 288
319 318
319 289
320 319
320 290
321 320
321 291
322 321
322 292
323 322
323 293
324 323
324 294
325 324
325 295
326 325
326 296
327 326
327 297
328 327
328 298
329 328
329 299
330 300
331 330
331 301
332 331
332 302
333 332
333 303
334 333
334 304
335 334
335 305
336 335
336 306
337 336
337 307
338 337
338 308
339 338
339 309
340 339
340 310
341 340
341 311
342 341
342 312
343 342
343 313
344 343
344 314
345 344
345 315
346 345
346 316
347 346
347 317
348 347
348 318
349 348
349 319
350 349
350 320
351 350
351 321
352 351
352 322
353 352
353 323
354 353
354 324
355 354
355 325
356 355
356 326
357 356
357 327
358 357
358 328
359 358
359 329
360 330
361 360
361 331
362 361
362 332
363 362
363 333
364 363
364 334
365 364
365 335
366 365
366 336
367 366
367 337
368 367
368 338
369 368
369 339
370 369
370 340
371 370
371 341
372 371
372 342
373 372
373 343
374 373
374 344
375 374
375 345
376 375
376 346
377 376
377 347
378 377
378 348
379 378
379 349
380 379
380 350
381 380
381 351
382 381
382 352
383 382
383 353
384 383
384 354
385 384
385 355
386 385
386 356
387 386
387 357
388 387
388 358
389 388
389 359
390 360
391 390
391 361
392 391
392 362
393 392
393 363
394 393
394 364
395 394
395 365
396 395
396 366
397 396
397 367
398 397
398 368
399 398
399 369
400 399
400 370
401 400
401 371
402 401
402 372
403 402
403 373
404 403
404 374
405 404
405 375
406 405
406 376
407 406
407 377
408 407
408 378
409 408
409 379
410 409
410 380
411 410
411 381
412 411
412 382
413 412
413 383
414 413
414 384
415 414
415 385
416 415
416 386
417 416
417 387
418 417
418 388
419 418
419 389
420 390
421 420
421 391
422 421
422 392
423 422
423 393
424 423
424 394
425 424
425 395
426 425
426 396
427 426
427 397
428 427
428 398
429 428
429 399
430 429
430 400
431 430
431 401
432 431
432 402
433 432
433 403
434 433
434 404
435 434
435 405
436 435
436 406
437 436
437 407
438 437
438 408
439 438
439 409
440 439
440 410
441 440
441 411
442 441
442 412
443 442
443 413
444 443
444 414
445 444
445 415
446 445
446 416
447 446
447 417
448 447
448 418
449 448
449 419
450 420
451 450
451 421
452 451
452 422
453 452
453 423
454 453
454 424
455 454
455 425
456 455
456 426
457 456
457 427
458 457
458 428
459 458
459 429
460 459
460 430
461 460
461 431
462 461
462 432
463 462
463 433
464 463
464 434
465 464
465 435
466 465
466 436
467 466
467 437
468 467
468 438
469 468
469 439
470 469
470 440
471 470
471 441
472 471
472 442
473 472
473 443
474 473
474 444
475 474
475 445
476 475
476 446
477 476
477 447
478 477
478 448
479 478
479 449
480 450
481 480
481 451
482 481
482 452
483 482
483 453
484 483
484 454
485 484
485 455
486 485
486 456
487 486
487 457
488 487
488 458
489 488
489 459
490 489
490 460
491 490
491 461
492 491
492 462
493 492
493 463
494 493
494 464
495 494
495 465
496 495
496 466
497 496
497 467
498 497
498 468
499 498
499 469
500 499
500 470
501 500
501 471
502 501
502 472
503 502
503 473
504 503
504 474
505 504
505 475
506 505
506 476
507 506
507 477
508 507
508 478
509 508
509 479
510 480
511 510
511 481
512 511
512 482
513 512
513 483
514 513
514 484
515 514
515 485
516 515
516 486
517 516
517 487
518 517
518 488
519 518
519 489
520 519
520 490
521 520
521 491
522 521
522 492
523 522
523 493
524 523
524 494
525 524
525 495
526 525
526 496
527 526
527 497
528 527
528 498
529 528
529 499
530 529
530 500
531 530
531 501
532 531
532 502
533 532
533 503
534 533
534 504
535 534
535 505
536 535
536 506
537 536
537 507
538 537
538 508
539 538
539 509
540 510
541 540
541 511
542 541
542 512
543 542
543 513
544 543
544 514
545 544
545 515
546 545
546 516
547 546
547 517
548 547
548 518
549 548
549 519
550 549
550 520
551 550
551 521
552 551
552 522
553 552
553 523
554 553
554 524
555 554
555 525
556 555
556 526
557 556
557 527
558 557
558 528
559 558
559 529
560 559
560 530
561 560
561 531
562 561
562 532
563 562
563 533
564 563
564 534
565 564
565 535
566 565
566 536
567 566
567 537
568 567
568 538
569 568
569 539
570 540
571 570
571 541
572 571
572 542
573 572
573 543
574 573
574 544
575 574
575 545
576 575
576 546
577 576
577 547
578 577
578 548
579 578
579 549
580 579
580 550
581 580
581 551
582 581
582 552
583 582
583 553
584 583
584 554
585 584
585 555
586 585
586 556
587 586
587 557
588 587
588 558
589 588
589 559
590 589
590 560
591 590
591 561
592 591
592 562
593 592
593 563
594 593
594 564
595 594
595 565
596 595
596 566
597 596
597 567
598 597
598 568
599 598
599 569
600 570
601 600
601 571
602 601
602 572
603 602
603 573
604 603
604 574
605 604
605 575
606 605
606 576
607 606
607 577
608 607
608 578
609 608
609 579
610 609
610 580
611 610
611 581
612 611
612 582
613 612
613 583
614 613
614 584
615 614
615 585
616 615
616 586
617 616
617 587
618 617
618 588
619 618
619 589
620 619
620 590
621 620
621 591
622 621
622 592
623 622
623 593
624 623
624 594
625 624
625 595
626 625
626 596
627 626
627 597
628 627
628 598
629 628
629 599
630 600
631 630
631 601
632 631
632 602
633 632
633 603
634 633
634 604
635 634
635 605
636 635
636 606
637 636
637 607
638 637
638 608
639 638
639 609
640 639
640 610
641 640
641 611
642 641
642 612
643 642
643 613
644 643
644 614
645 644
645 615
646 645
646 616
647 646
647 617
648 647
648 618
649 648
649 619
650 649
650 620
651 650
651 621
652 651
652 622
653 652
653 623
654 653
654 624
655 654
655 625
656 655
656 626
657 656
657 627
658 657
658 628
659 658
659 629
660 630
661 660
661 631
662 661
662 632
663 662
663 633
664 663
664 634
665 664
665 635
666 665
666 636
667 666
667 637
668 667
668 638
669 668
669 639
670 669
670 640
671 670
671 641
672 671
672 642
673 672
673 643
674 673
674 644
675 674
675 645
676 675
676 646
677 676
677 647
678 677
678 648
679 678
679 649
680 679
680 650
681 680
681 651
682 681
682 652
683 682
683 653
684 683
684 654
685 684
685 655
686 685
686 656
687 686
687 657
688 687
688 658
689 688
689 659
690 660
691 690
691 661
692 691
692 662
693 692
693 663
694 693
694 664
695 694
695 665
696 695
696 666
697 696
697 667
698 697
698 668
699 698
699 669
700 699
700 670
701 700
701 671
702 701
702 672
703 702
703 673
704 703
704 674
705 704
705 675
706 705
706 676
707 706
707 677
708 707
708 678
709 708
709 679
710 709
710 680
711 710
711 681
712 711
712 682
713 712
713 683
714 713
714 684
715 714
715 685
716 715
716 686
717 716
717 687
718 717
718 688
719 718
719 689
720 690
721 720
721 691
722 721
722 692
723 722
723 693
724 723
724 694
725 724
725 695
726 725
726 696
727 726
727 697
728 727
728 698
729 728
729 699
730 729
730 700
731 730
731 701
732 731
732 702
733 732
733 703
734 733
734 704
735 734
735 705
736 735
736 706
737 736
737 707
738 737
738 708
739 738
739 709
740 739
740 710
741 740
741 711
742 741
742 712
743 742
743 713
744 743
744 714
745 744
745 715
746 745
746 716
747 746
747 717
748 747
748 718
749 748
749 719
750 720
751 750
751 721
752 751
752 722
753 752
753 723
754 753
754 724
755 754
755 725
756 755
756 726
757 756
757 727
758 757
758 728
759 758
759 729
760 759
760 730
761 760
761 731
762 761
762 732
763 762
763 733
764 763
764 734
765 764
765 735
766 765
766 736
767 766
767 737
768 767
768 738
769 768
769 739
770 769
770 740
771 770
771 741
772 771
772 742
773 772
773 743
774 773
774 744
775 774
775 745
776 775
776 746
777 776
777 747
778 777
778 748
779 778
779 749
780 750
781 780
781 751
782 781
782 752
783 782
783 753
784 783
784 754
785 784
785 755
786 785
786 756
787 786
787 757
788 787
788 758
789 788
789 759
790 789
790 760
791 790
791 761
792 791
792 762
793 792
793 763
794 793
794 764
795 794
795 765
796 795
796 766
797 796
797 767
798 797
798 768
799 798
799 769
800 799
800 770
801 800
801 771
802 801
802 772
803 802
803 773
804 803
804 774
805 804
805 775
806 805
806 776
807 806
807 777
808 807
808 778
809 808
809 779
810 780
811 810
811 781
812 811
812 782
813 812
813 783
814 813
814 784
815 814
815 785
816 815
816 786
817 816
817 787
818 817
818 788
819 818
819 789
820 819
820 790
821 820
821 791
822 821
822 792
823 822
823 793
824 823
824 794
825 824
825 795
826 825
826 796
827 826
827 797
828 827
828 798
829 828
829 799
830 829
830 800
831 830
831 801
832 831
832 802
833 832
833 803
834 833
834 804
835 834
835 805
836 835
836 806
837 836
837 807
838 837
838 808
839 838
839 809
840 810
841 840
841 811
842 841
842 812
843 842
843 813
844 843
844 814
845 844
845 815
846 845
846 816
847 846
847 817
848 847
848 818
849 848
849 819
850 849
850 820
851 850
851 821
852 851
852 822
853 852
853 823
854 853
854 824
855 854
855 825
856 855
856 826
857 856
857 827
858 857
858 828
859 858
859 829
860 859
860 830
861 860
861 831
862 861
862 832
863 862
863 833
864 863
864 834
865 864
865 835
866 865
866 836
867 866
867 837
868 867
868 838
869 868
869 839
870 840
871 870
871 841
872 871
872 842
873 872
873 843
874 873
874 844
875 874
875 845
876 875
876 846
877 876
877 847
878 877
878 848
879 878
879 849
880 879
880 850
881 880
881 851
882 881
882 852
883 882
883 853
884 883
884 854
885 884
885 855
886 885
886 856
887 886
887 857
888 887
888 858
889 888
889 859
890 889
890 860
891 890
891 861
892 891
892 862
893 892
893 863
894 893
894 864
895 894
895 865
896 895
896 866
897 896
897 867
898 897
898 868
899 898
899 869
