13 23 56
40 200 140
141 20 44
50 409 225
14,2311811928226 21,4562871116411 56,3125316890195
37,9958894477081 196,230081098265 145,77402942711
141,72665990043 23,6118307339052 39,6615093511438
43,6808516085309 402,298716296032 238,020432046987
15,5272253471235 19,9489232383038 56,5238513885318
36,3417201324844 192,185628750077 151,472651009878
142,163671377015 27,4001557365201 35,4361728284393
38,0891230023329 394,909559041223 251,001317762836
16,8830187545736 18,4838583557967 56,6331228311337
35,0440283853546 187,882599261573 157,073372111459
142,309303238278 31,3500273955546 31,340669235823
33,2468993954229 386,861676050718 263,891424118955
18,2932090910212 17,0668723156003 56,6399184896253
34,1079222630456 183,337982370817 162,554094937591
142,162991291352 35,4458530831446 27,3911553943145
29,1732619668844 378,186849249349 276,639888012383
19,7522322711972 15,7035581431695 56,5442094239987
33,5371035243392 178,569708069395 167,893187738645
141,725306901663 39,6714719490499 23,603220789123
25,8843029353874 368,919300217632 289,196395645263
21,2543291397779 14,3992984598942 56,3463721684166
33,3338302023767 173,596597203484 173,069571636245
140,997974228994 44,0102041965985 19,9918210576488
23,3930160128855 359,095606882823 301,511375380081
22,7935732475809 13,1592366061917 56,0471898319212
33,4988944237182 168,438272583351 178,062831694709
139,983870039945 48,4449318705275 16,5711973891712
21,7092074552147 348,754535403832 313,536254804155
24,3638880767511 11,988268829207 55,647842685548
34,0316477322961 163,115097345409 182,853253235037
138,686995458545 52,9581477739012 13,3548558573226
20,8395318665117 337,936907191389 325,223557905036
25,9590768403821 10,8910182565606 55,1499043889543
34,9299964704468 157,648076389966 187,421925016118
137,112461958998 57,5320415605875 10,3554953348584
20,787441410639 326,685404449865 336,527150317251
27,5728455149293 9,87181037165539 54,5553434826988
36,1903811427228 152,058783045878 191,750833206265
135,26649282523 62,1485667935866 7,58493897578276
21,5531068309855 315,044432422883 347,402456056892
29,1988238283401 8,93467127262429 53,8665041411614
37,8078373799811 146,369278949429 195,82288054024
133,156367055575 66,7894996367108 5,05413161897244
23,1335311595247 303,059935232855 357,80652797299
30,8305927523452 8,08329916535999 53,0861071872208
39,775974274635 140,602026014144 199,621996014176
130,790418968775 71,4365188079158 2,77306022885089
25,5224623503998 290,779229271461 367,698301723458
32,4617177346026 7,32105215538052 52,2172290682418
42,0870343238256 134,779765666443 203,133195706747
128,177975722097 76,0712996179542 0,750722338601832
28,7104881622821 278,250738496 377,038765596346
34,0857576184538 6,6509402832757 51,2633009008724
44,7318913723006 128,925489455972 206,342614225953
125,329353604237 80,6755397603813 -1,00489603273331
32,6850193859395 265,523936719122 385,791034992545
35,6963040383778 6,07560711467292 50,2280874856205
47,700106429878 123,062298434498 209,237589512744
122,255794938745 85,2310712522679 -2,48686922440856
37,4303668424583 252,649045016693 393,920578019665
37,286999899491 5,59732395168602 49,1156746159028
50,9799648754438 117,213335356912 211,806693436017
118,969430552665 89,7199126093722 -3,68934657778323
42,9278031558748 239,676881687765 401,395303759432
38,8515677472135 5,217978473497 47,9304520677943
54,5585240000657 111,401682191809 214,039786738906
115,48322904961 94,1243492350633 -4,60758209833157
49,1556353045756 226,6586389496 408,185713021229
40,3838331505497 4,93906713072985 46,6770978223714
58,4216589957991 105,650274512412 215,928058659043
111,810950102034 98,4269994737963 -5,237953801391
56,0892802541004 213,64569388207 414,265011764887
41,8777538769529 4,76169005315353 45,3605539831408
62,5541373560395 99,98179184696 217,464062177805
107,967073921506 102,610896509487 -5,57797508082273
63,7013989428895 200,689360035618 419,60922550694
43,3274259317267 4,68654775285835 43,9860240334611
66,9396255955652 94,4186364273553 218,641728551618
103,966792908253 106,659505581852 -5,6263035748938
71,9619038105073 187,840842393462 424,197236830201
44,7271314084747 4,71393821876191 42,5589278915809
71,5608323597593 88,9827498361141 219,456407555764
99,8258807957268 110,556857671817 -5,38274399626514
80,8382276271289 175,150814480462 428,010939445357
46,0713464538844 4,84375248276375 41,0848983796995
76,3995169541892 83,695585035487 219,904886925673
95,5606818775963 114,287572216559 -4,84826007403256
90,2953326470365 162,66935921176 431,035288188832
47,3547666072635 5,07547772588641 39,5697527782856
81,4365831088227 78,5780062749577 219,985398685192
91,1880287687717 117,836927359258 -4,02496256450511
100,295894820949 150,445731732134 433,258351971067
48,5723272698812 5,40819827093553 38,0194713640731
86,6521488507175 73,6502092146509 219,697629150481
86,7251801985544 121,190916874722 -2,91610396998902
110,800438938831 138,528172151897 434,671365897802
49,7192241071397 5,8406044362718 36,4401681541139
92,0256465901488 68,9316362370604 219,042703532135
82,1897370922614 124,336305986648 -1,52605043768397
121,7675441914 126,963696520845 435,268734734575
50,7909268385266 6,37098668473853 34,8380829668963
97,5358449550152 64,4409268414705 218,023213706355
77,5996188319921 127,260670481752 0,139702865419714
133,15387646722 115,797989221444 435,048108216449
51,78320868846 6,99725234934613 33,2195352458097
103,161008538154 60,1957928499044 216,643183261659
72,972931125277 129,952476820537 2,074583773112
144,914520631584 105,075090011503 434,010361726404
52,6921532799087 7,71693059740836 31,5909122013866
108,878939350843 56,2129885194671 214,908055933031
68,3279321532304 132,401100766048 4,27095834305079
157,003067756866 94,8373177845382 432,15958530461
53,5141723214211 8,52718207860962 29,958641476203
114,667071225086 52,508235851862 212,824675890104
63,6829543231746 134,596875541758 6,72016094623988
169,371811101534 85,1250837486247 429,503074490536
54,2460260092963 9,42480777877691 28,3291618889314
120,502569899744 49,0961399051183 210,401272339287
59,0563203502649 136,531147648841 9,4125223681326
181,971951671662 75,9766824003451 426,051333787463
54,8848192567145 10,4062651365512 26,7089110885379
126,362383243553 45,990192992652 207,64740510168
54,4663092952988 138,196264469282 12,337416167699
194,753720192414 67,428279645681 421,817966570097
55,4280357360867 11,4676808439164 25,1042787113972
132,223400619595 43,2026346480039 204,573945283837
49,9310220384033 139,585667631765 15,4832998378428
207,666702326922 59,5135696389923 416,81969302667
55,8735305542583 12,6048654206006 23,5215991316875
138,062485673964 40,7444705760499 201,193023537895
45,4683619348845 140,693870891786 18,8377562694381
220,659924840281 52,2637993148972 411,076239463058
56,2195447623433 13,8133313461872 21,9671188194409
143,8565933305 38,6254047877528 197,517980932064
41,0959421515529 141,516498441468 22,3875481051761
233,682108436166 45,7075860557324 404,610267798672
56,4647146985246 15,0883128950589 20,4469671627961
149,582876709287 36,8537906377351 193,563310994546
36,8310032622308 142,050308620859 26,1186764327564
246,681904080868 39,8707770716926 397,447279862262
56,6080707698275 16,4247695528636 18,9671542697583
155,218696421921 35,4366333358236 189,34464790672
32,6904072646699 142,293190122743 30,0163905631538
259,607916276821 34,7764506568538 389,615592862362
56,6490481057677 17,8174379813589 17,5335083496995
160,741856092362 34,3795151813938 184,878605747918
28,6904618330465 142,244185591823 34,0653401789281
272,409236975875 30,4446723388708 381,146049324266
56,5874845040527 19,2608173189687 16,1516924671036
166,130538829084 33,6866129990122 180,182824587637
24,8469672463796 141,903487622516 38,2495324080136
285,035300464225 26,8925552135403 372,072101870555
56,4236232383467 20,7492039328543 14,8271669817243
171,36345080654 33,3606648489644 175,275860193535
21,1751113914349 141,272442511027 42,5524330687305
297,436213807656 24,1341357654888 362,429606955125
56,1581111583407 22,2767359634158 13,5651469040109
176,419987566683 33,4029486434228 170,177039113716
17,6893511476498 140,353539740984 46,9570957992175
309,563146507746 22,1802642453726 352,25654482976
55,7919974097782 23,8373730431797 12,3706234561961
181,280151382486 33,8133001857799 164,906523273893
14,4034726214472 139,150410793118 51,4461030134414
321,368139866871 21,0386739088463 341,593140940168
55,3267228417277 25,4249686299971 11,2483023318202
185,92479708733 34,5901075081597 159,485069810457
11,330420335223 137,667791150316 56,0017747071427
332,804693442192 20,7138706535129 330,481389834999
54,7641267481313 27,0332502481213 10,2026167131044
190,335577335793 35,7302975227919 153,934099158325
8,48233271289256 135,911541399707 60,6061118702074
343,827628570506 21,2071284938963 318,965196166035
54,1064315160638 28,6558650991097 9,23769701178885
194,495069640226 37,2293660217126 148,275538014645
5,87045955558381 133,88859910714 65,2409271364859
354,393404699613 22,5164981124266 307,090049805811
53,3562279244073 30,2864229961323 8,35734263614579
198,386895144458 39,081406885559 142,531671356292
3,50508508745965 131,606932817837 69,8879677373172
364,460415612146 24,6368171655158 294,902719317695
52,5164809149904 31,9184742113642 7,56503837244977
201,995651488339 41,2791040356831 136,725217623213
1,3955729297131 129,075560734729 74,5288518491977
373,988825399213 27,5597213131822 282,451404952629
51,5905000712441 33,5455918411062 6,86390154119655
205,307136410328 43,8137925715235 130,87904397845
-0,449777699909326 126,304458799535 79,1453043131691
382,941128607891 31,2736758691787 269,785146851474
50,5819462875743 35,161341166433 6,25670596708461
208,308250657653 46,6754527210094 125,016269447588
-2,02366597145075 123,304582868705 83,7190684432227
391,281915282604 35,7640028843354 256,95403292031
49,4947920611164 36,7593588304369 5,7458425100142
210,987176387754 49,8528124677967 119,159983890054
-3,31989477797301 120,087748780208 88,2321312947364
398,97833958344 41,0130136565541 244,008597702095
48,3333311316836 38,3333311316836 5,33333113168362
213,333324239563 53,3333242395628 113,333324239563
-4,33333823918323 116,666661760817 92,6666617608168
405,999983631213 46,999983631213 230,999983631213
47,1021530618187 39,877039950734 5,02080038901489
215,33742911375 57,1032336777897 107,559309954066
-5,05999586837135 113,054840206514 97,005140958828
412,319114609827 53,701250774042 217,97958555822
45,8061069201811 41,3844064136313 4,80948008727944
216,991602042313 61,1476920482097 101,860678735726
-5,49700879029162 109,266509362334 101,230484768434
417,910854296933 61,0904185677581 204,998678222557
44,4503171208936 42,849468423673 4,70020790898009
218,289294309456 65,4507094228367 96,2599692280085
-5,64264312453726 105,316648094775 105,325980442557
422,753074266588 69,1382772197987 192,108599842156
43,0401237440939 44,2664565964605 4,69341315824971
219,225398879369 69,9953367068323 90,7792375610332
-5,49632829167551 101,220813684728 109,275500120587
426,826712166408 77,8131253485153 179,360114150099
41,5810988604864 45,6297729885141 4,78912170768492
219,796220715224 74,7636161701678 85,440136500918
-5,05864514084645 96,9951898117669 113,063440971694
430,115680695826 87,0806834135811 166,80358798595
40,079005316163 46,9340301692612 4,98695814153779
219,999495073391 79,7367157825202 80,2637628206713
-4,3313151476356 92,6564671211841 116,67483382566
432,606965564059 96,9043539154838 154,488633138305
38,5397584519132 48,1740937856176 5,28614147182624
219,834428783462 84,895049935574 75,2704952978739
-3,31720786617513 88,2217315593079 120,095462289674
434,290773010025 107,245445216265 142,463735004148
36,9694475148108 49,3450583201998 5,68548796853399
219,301675478706 90,218212199319 70,4800867279201
-2,02033555128087 83,7085268819189 123,311794862043
435,160443378486 118,063047584686 130,77646296753
35,3742564799379 50,4423118523434 6,18342557687249
218,403330870086 95,6852400373134 65,9114039347571
-0,44580370354641 79,1346264191577 126,311163712394
435,212546498253 129,314562370674 119,472845846955
33,7604856167544 51,4615207600282 6,77798764898477
217,14294309684 101,274541193684 61,5824910332973
1,40016893558703 74,5180949672301 129,081722785034
434,446876800228 140,95555120833 108,597527574321
32,1345116806162 52,3986578135 7,46682465880854
215,525493061522 106,964029665567 57,5104531219472
3,51028769451172 69,8771745619629 131,612524714716
432,866461027046 152,94001477701 98,1934807242095
30,5027383793384 53,2500319663236 8,24722394446287
213,557349964928 112,731298225419 53,7113282253865
5,87624279204196 65,2301429529009 133,893601531966
430,477521280813 165,220754359752 88,3016819077545
28,8716177743537 54,0122769307438 9,11609973172816
211,246296117678 118,553542948553 50,2001379554402
8,48867902798984 60,5953745807195 135,915933995087
427,289504024289 177,749211513865 78,9612431008531
27,2475757018661 54,6823898256282 10,0700290649543
208,601435968232 124,407826971308 46,9907147249217
11,3373046512152 55,9911282193639 137,671555079986
423,314968522952 190,476030101418 70,2089611716615
25,6370270933058 55,2577240170107 11,1052436460631
205,633217809685 130,271025805065 44,0957347268184
14,4108668220717 51,4355905085489 139,153530985225
418,569616788755 203,35093861452 62,0794056115481
24,0463344738443 55,7360066141868 12,2176538399396
202,353367630825 136,11997669936 41,5266347201289
17,6972233715159 46,9467582512641 140,356007075415
413,072195362643 216,323074344333 54,6046925835879
22,4817633844701 56,1153526581866 13,4028790638893
198,774800239497 141,931642047754 39,2935375006564
21,1834327112063 42,5423125257534 141,274243859148
406,844348326637 229,341344681613 47,8142706099836
20,9495012227856 56,394263435143 14,656230633471
194,91167351047 147,68303754386 37,4052694971034
24,8557038221466 38,2396713868399 141,904614299023
399,910718264418 242,354262150028 41,7349845781327
19,45558102289 56,5716407412037 15,9727737177094
190,779197733097 153,351518023808 35,8692655809772
28,6995778370392 34,0557757915946 142,244636303645
392,298604880442 255,310590602259 36,3907709254868
18,0059051999569 56,6467833788253 17,3473070982225
186,393698643998 158,914687812207 34,6915956879445
32,6998688525635 30,0071561789645 142,292965335711
384,038079820706 268,159141237751 31,8027468010122
16,6062029648605 56,6193923471109 18,7744005642615
181,772500146509 164,350562220158 33,8769206003818
36,8407731284542 26,1098131888196 142,049404493897
375,161770891389 280,849141551636 27,9890568976625
15,2619902887354 56,489579111289 20,248426678678
176,933827174984 169,637717186018 33,4284394423335
41,1059623012249 22,3791051260823 141,514923835019
365,704689743141 293,330572546345 24,9647085565184
13,9785668937046 56,2578544339772 21,7635749559332
171,896752753645 174,755308129838 33,3479237662306
45,4786232466853 18,8297408835634 140,691627588676
355,704112681923 305,554227625086 22,7416320624758
12,7610038618024 55,9251328607481 23,3138597676105
166,681175388845 179,683115024912 33,6356950890817
49,9414815622623 15,4757448860949 139,582765730806
345,199544692382 317,471811479316 21,3286177334114
11,6141070245439 55,4927266954118 24,8931629775697
161,307677649414 184,401688002502 34,2906207074279
54,4769246685553 12,3303557741691 138,192712198501
334,232439439813 329,036287110368 20,7312488966383
10,5424019238725 54,9623434187651 26,4952515622523
155,797467661643 188,892407232859 35,3101123213477
59,0670526741844 9,40598479705972 136,526955632043
322,846083292334 340,202018683761 20,9518750124337
9,5501269185388 54,3360807244552 28,1137894684402
150,172337655785 193,137512812876 36,6901376003063
63,693712227638 6,71419718406609 134,592084151818
311,08550809054 350,924847768835 21,9896226647659
8,64118022105937 53,6164015624552 29,7424155328322
144,454396511625 197,120325885329 38,4252665183918
68,3387198622266 4,26556747677392 132,39570668112
298,996939746006 361,162641572682 23,8403987289335
7,81915881026249 52,806149053074 31,3746896554806
138,666253014477 200,825088387701 40,5086483494584
72,9837074376421 2,06978621905827 129,946500814577
286,628172529679 370,874899882588 26,4969091406774
7,0873051223873 51,9085233529067 33,0041692427522
132,830754339819 204,237184334445 42,9320519002755
77,6103414105518 0,135514111975709 127,254139392684
274,028031959551 380,023301230868 29,9486498437505
6,44851037805182 50,9270633729616 34,6244241622343
126,970926016906 207,343138733154 45,6859266307465
82,2003641196017 -1,52960657265535 124,329237803225
261,246230582786 388,571724934402 34,1820289682622
5,90529733641626 49,8656550751398 36,2290456920937
121,109948412441 210,13067899008 48,7593647647283
86,7356207455171 -2,91900102345942 121,183376052379
248,33333640669 396,486382882921 39,180266611437
5,45980154783498 48,7284681047693 37,8117286358998
115,270850961835 212,588848362773 52,1402936061692
91,198290337484 -4,02720670722473 117,828912556081
235,340086342132 403,736168761666 44,9237321716025
5,11378636934033 47,5199997854964 39,3662123122427
109,476730909063 214,70791945181 55,8153433074986
95,5707196092639 -4,8498366806515 114,279113655641
222,317875195047 410,292397575481 51,3897158325407
4,86861643315903 46,2450182366247 40,8863639688875
103,750447530276 216,479533601828 59,7700132450169
99,8356584985859 -5,38364686004189 110,54798532806
209,318079550345 416,12920655952 58,5527037689513
4,7252606096731 44,9085557686678 42,3661824242613
98,1146061261384 217,896693692935 63,9886952351531
103,976269967678 -5,6265269904867 106,650254354694
196,392016529672 421,223547272985 66,3844272949503
4,68428277809895 43,515898960477 43,7998172196482
92,5914898387043 218,953806268973 68,454699589335
107,976184456239 -5,57752520244531 102,601338424858
183,590797480058 425,555296993716 74,8538977808482
4,74584637981398 42,0725196228672 45,1816331022441
87,2028071019822 219,646708451355 73,1504807496154
111,819679042906 -5,23682723313805 98,4171461957726
170,964733991709 429,107414119047 83,9278452345589
4,90970789333696 40,5841271988293 46,5061641499593
81,969873433023 219,972659390598 78,0574640460279
115,491550369382 -4,60578075021001 94,1142286920863
158,563769823557 431,865847865724 93,5703766760877
5,17521997334297 39,0565951682678 47,7681842276727
76,9133366728797 219,93037559614 83,156285125847
118,977310613167 -3,68687798016705 89,7095659615992
146,436837123467 433,81971938584 103,743438801453
5,54133615835866 37,4959512555719 48,9627120719666
72,0531542665441 219,520019030695 88,4268245792924
122,263201105536 -2,48374144193334 85,2205391908418
134,6317972173 434,961307210319 114,406891750138
6,00660585350263 35,9083693346185 50,0850244033843
67,4085457427655 218,743221754491 93,8482308154836
125,336229459427 -1,00113697986702 80,6649066102075
123,195336736063 435,286115489748 125,518544737122
6,56920194709904 34,3000877164943 51,1307100221001
62,9977654943031 217,603031739859 99,3992014676153
128,184317081758 0,75511277074251 76,0605694471429
112,172401607749 434,792857649364 137,034738406085
7,22689961561979 32,6774660325739 52,0956341198948
58,8382545993367 216,10395821785 105,057786224918
130,796202205233 2,77806265367675 71,4257346243309
101,6065789316 433,483485518786 148,909933825402
7,97710320727636 31,0469081355513 52,9759884955378
54,9464290951045 214,251917354004 110,801652883271
133,161576673357 5,05972894297941 66,7786940234996
91,5395680190675 431,363166465697 161,097264313518
8,81684615941417 29,4148640361568 53,7682897006754
51,3376872084034 212,054231318613 116,608081044436
135,271080783255 7,59108888580996 62,1378300997449
82,0111973353892 428,440278629636 173,548523263589
9,74282728706571 27,7877460364776 54,4694266179605
48,0262017702233 209,519541922453 122,454256065709
137,116431619354 10,3621916555139 57,5213765947875
73,0588925437239 424,726322568081 186,214784453289
10,7513848441093 26,1719899652506 55,076625164599
45,0250735819102 206,657871518553 128,317054791975
138,690327732268 13,3620788921121 52,947593317594
64,718068348609 420,235980746878 199,045950710903
11,8385390705672 24,5739723012467 55,5874886216694
42,3461478518089 203,480511771766 134,173340349508
139,98655653879 16,578912980609 48,4345304660804
57,0216440477733 414,986969974659 211,991385929118
0 396
1 0
1 397
2 1
2 398
3 2
3 399
4 0
5 4
5 1
6 5
6 2
7 6
7 3
8 4
9 8
9 5
10 9
10 6
11 10
11 7
12 8
13 12
13 9
14 13
14 10
15 14
15 11
16 12
17 16
17 13
18 17
18 14
19 18
19 15
20 16
21 20
21 17
22 21
22 18
23 22
23 19
24 20
25 24
25 21
26 25
26 22
27 26
27 23
28 24
29 28
29 25
30 29
30 26
31 30
31 27
32 28
33 32
33 29
34 33
34 30
35 34
35 31
36 32
37 36
37 33
38 37
38 34
39 38
39 35
40 36
41 40
41 37
42 41
42 38
43 42
43 39
44 40
45 44
45 41
46 45
46 42
47 46
47 43
48 44
49 48
49 45
50 49
50 46
51 50
51 47
52 48
53 52
53 49
54 53
54 50
55 54
55 51
56 52
57 56
57 53
58 57
58 54
59 58
59 55
60 56
61 60
61 57
62 61
62 58
63 62
63 59
64 60
65 64
65 61
66 65
66 62
67 66
67 63
68 64
69 68
69 65
70 69
70 66
71 70
71 67
72 68
73 72
73 69
74 73
74 70
75 74
75 71
76 72
77 76
77 73
78 77
78 74
79 78
79 75
80 76
81 80
81 77
82 81
82 78
83 82
83 79
84 80
85 84
85 81
86 85
86 82
87 86
87 83
88 84
89 88
89 85
90 89
90 86
91 90
91 87
92 88
93 92
93 89
94 93
94 90
95 94
95 91
96 92
97 96
97 93
98 97
98 94
99 98
99 95
100 96
101 100
101 97
102 101
102 98
103 102
103 99
104 100
105 104
105 101
106 105
106 102
107 106
107 103
108 104
109 108
109 105
110 109
110 106
111 110
111 107
112 108
113 112
113 109
114 113
114 110
115 114
115 111
116 112
117 116
117 113
118 117
118 114
119 118
119 115
120 116
121 120
121 117
122 121
122 118
123 122
123 119
124 120
125 124
125 121
126 125
126 122
127 126
127 123
128 124
129 128
129 125
130 129
130 126
131 130
131 127
132 128
133 132
133 129
134 133
134 130
135 134
135 131
136 132
137 136
137 133
138 137
138 134
139 138
139 135
140 136
141 140
141 137
142 141
142 138
143 142
143 139
144 140
145 144
145 141
146 145
146 142
147 146
147 143
148 144
149 148
149 145
150 149
150 146
151 150
151 147
152 148
153 152
153 149
154 153
154 150
155 154
155 151
156 152
157 156
157 153
158 157
158 154
159 158
159 155
160 156
161 160
161 157
162 161
162 158
163 162
163 159
164 160
165 164
165 161
166 165
166 162
167 166
167 163
168 164
169 168
169 165
170 169
170 166
171 170
171 167
172 168
173 172
173 169
174 173
174 170
175 174
175 171
176 172
177 176
177 173
178 177
178 174
179 178
179 175
180 176
181 180
181 177
182 181
182 178
183 182
183 179
184 180
185 184
185 181
186 185
186 182
187 186
187 183
188 184
189 188
189 185
190 189
190 186
191 190
191 187
192 188
193 192
193 189
194 193
194 190
195 194
195 191
196 192
197 196
197 193
198 197
198 194
199 198
199 195
200 196
201 200
201 197
202 201
202 198
203 202
203 199
204 200
205 204
205 201
206 205
206 202
207 206
207 203
208 204
209 208
209 205
210 209
210 206
211 210
211 207
212 208
213 212
213 209
214 213
214 210
215 214
215 211
216 212
217 216
217 213
218 217
218 214
219 218
219 215
220 216
221 220
221 217
222 221
222 218
223 222
223 219
224 220
225 224
225 221
226 225
226 222
227 226
227 223
228 224
229 228
229 225
230 229
230 226
231 230
231 227
232 228
233 232
233 229
234 233
234 230
235 234
235 231
236 232
237 236
237 233
238 237
238 234
239 238
239 235
240 236
241 240
241 237
242 241
242 238
243 242
243 239
244 240
245 244
245 241
246 245
246 242
247 246
247 243
248 244
249 248
249 245
250 249
250 246
251 250
251 247
252 248
253 252
253 249
254 253
254 250
255 254
255 251
256 252
257 256
257 253
258 257
258 254
259 258
259 255
260 256
261 260
261 257
262 261
262 258
263 262
263 259
264 260
265 264
265 261
266 265
266 262
267 266
267 263
268 264
269 268
269 265
270 269
270 266
271 270
271 267
272 268
273 272
273 269
274 273
274 270
275 274
275 271
276 272
277 276
277 273
278 277
278 274
279 278
279 275
280 276
281 280
281 277
282 281
282 278
283 282
283 279
284 280
285 284
285 281
286 285
286 282
287 286
287 283
288 284
289 288
289 285
290 289
290 286
291 290
291 287
292 288
293 292
293 289
294 293
294 290
295 294
295 291
296 292
297 296
297 293
298 297
298 294
299 298
299 295
300 296
301 300
301 297
302 301
302 298
303 302
303 299
304 300
305 304
305 301
306 305
306 302
307 306
307 303
308 304
309 308
309 305
310 309
310 306
311 310
311 307
312 308
313 312
313 309
314 313
314 310
315 314
315 311
316 312
317 316
317 313
318 317
318 314
319 318
319 315
320 316
321 320
321 317
322 321
322 318
323 322
323 319
324 320
325 324
325 321
326 325
326 322
327 326
327 323
328 324
329 328
329 325
330 329
330 326
331 330
331 327
332 328
333 332
333 329
334 333
334 330
335 334
335 331
336 332
337 336
337 333
338 337
338 334
339 338
339 335
340 336
341 340
341 337
342 341
342 338
343 342
343 339
344 340
345 344
345 341
346 345
346 342
347 346
347 343
348 344
349 348
349 345
350 349
350 346
351 350
351 347
352 348
353 352
353 349
354 353
354 350
355 354
355 351
356 352
357 356
357 353
358 357
358 354
359 358
359 355
360 356
361 360
361 357
362 361
362 358
363 362
363 359
364 360
365 364
365 361
366 365
366 362
367 366
367 363
368 364
369 368
369 365
370 369
370 366
371 370
371 367
372 368
373 372
373 369
374 373
374 370
375 374
375 371
376 372
377 376
377 373
378 377
378 374
379 378
379 375
380 376
381 380
381 377
382 381
382 378
383 382
383 379
384 380
385 384
385 381
386 385
386 382
387 386
387 383
388 384
389 388
389 385
390 389
390 386
391 390
391 387
392 388
393 392
393 389
394 393
394 390
395 394
395 391
396 392
397 396
397 393
398 397
398 394
399 398
399 395
